0 2096 11964
1 1908 12908
2 1984 13268
3 2048 14112
4 2268 15400
5 2316 12024
6 3104 11968
7 3254 11972
8 18840 12888
9 18100 13388
10 17300 13648
11 16800 13876
12 15972 14104
13 15104 14020
14 14452 13524
15 14016 13264
16 13072 12900
17 20452 25728
18 14442 4589
19 15580 5368
20 16608 6192
21 17804 7816
22 18304 8784
23 18740 10204
24 19068 11572
25 19392 12672
26 19440 12956
27 19712 14356
28 19848 15812
29 19960 17156
30 19984 18544
31 19976 20196
32 19716 23280
33 19824 22112
34 18260 28696
35 13872 4176
36 13572 4740
37 13272 6000
38 13316 7468
39 13480 8824
40 13308 9968
41 12996 11264
42 12284 12624
43 12016 12788
44 11396 13028
45 9708 14020
46 9160 14804
47 1808 13408
48 5108 14148
49 6456 14456
50 7572 14888
51 8948 15300
52 8752 16404
53 8548 18096
54 8584 18848
55 9356 20552
56 9944 20776
57 10364 20772
58 11552 21140
59 12036 21504
60 14036 21868
61 15004 21784
62 16172 21900
63 17036 22236
64 19576 24604
65 3384 12008
66 3756 11304
67 4512 10374
68 9384 11763
69 11306 16146
70 11338 13542
71 10293 15518
72 8398 13756
73 10201 19847
74 10281 22362
75 11619 17001
76 10517 17106
77 11099 25221
78 12078 27074
79 11877 23837
80 12596 15239
81 10185 7962
82 10333 8932
83 19657 11423
84 11823 20094
85 18246 21630
86 6443 15447
87 5946 13520
88 7202 16563
89 7090 16676
90 7019 16798
91 8948 16975
92 8843 16989
93 8928 16902
94 8846 16911
95 8913 16833
96 8867 16838
97 8850 17025
98 8836 16947
99 9217 17255
100 9193 17113
101 9110 17103
102 9081 17074
103 9056 16913
104 9027 16777
105 8974 16606
106 8978 16528
107 8199 16104
108 8147 16041
109 5531 14956
110 5539 14966
111 5493 14976
112 5459 14971
113 5444 14951
114 5435 14922
115 5439 14893
116 5468 14869
117 6226 13081
118 6165 13933
119 6326 14279
120 6477 14347
121 6584 14372
122 6628 14367
123 6789 14269
124 6799 14235
125 6604 13680
126 6550 13690
127 6243 13894
128 6175 13875
129 6117 13421
130 6171 13357
131 6165 13347
132 6185 13381
133 5623 13705
134 5113 13912
135 5123 13858
136 5359 13805
137 8259 16953
138 8366 16816
139 8288 16738
140 8532 16422
141 7063 16860
142 8121 17285
143 8218 16080
144 8053 16289
145 8254 16450
146 5004 10697
147 4912 10597
148 7824 16304
149 8053 16026
150 7955 15944
151 4610 10240
152 4678 9973
153 8833 15276
154 8847 15544
155 8842 15656
156 8754 15857
157 8155 16572
158 5168 10793
159 4926 10958
160 4946 11007
161 5397 13906
162 4965 10926
163 4809 10750
164 6645 15815
165 6289 15723
166 6201 16010
167 6206 16057
168 6947 13276
169 6097 13777
170 5829 13319
171 5477 13530
172 5956 14756
173 6386 14601
174 6484 14601
175 6645 14654
176 7289 14886
177 7721 15067
178 8126 15218
179 8409 15843
180 8499 15775
181 8392 15633
182 8280 15551
183 8202 15638
184 4774 10221
185 4605 10138
186 4707 10285
187 4853 10060
188 6256 15391
189 6217 15557
190 5960 15503
191 4941 15728
192 4868 15572
193 4809 15427
194 4765 15359
195 4903 15218
196 5474 14760
197 4770 10591
198 4726 10528
199 4673 10479
200 4605 10435
201 4541 10396
202 8912 15742
203 8732 15724
204 8649 15680
205 8420 15310
206 5526 10612
207 5487 10666
208 5306 10739
209 5175 10734
210 5077 10788
211 7762 16215
212 7647 16122
213 6231 15911
214 6053 15857
215 5820 16049
216 6010 15311
217 8381 16296
218 8598 16476
219 8798 16700
220 8891 16749
221 9003 16705
222 7778 17186
223 7813 17106
224 7877 17012
225 7957 16928
226 7977 16893
227 7982 16858
228 7982 16823
229 7992 16784
230 8006 16747
231 6588 16045
232 6679 15650
233 5577 15018
234 5608 15003
235 5628 15033
236 5594 15042
237 5418 14804
238 8537 15974
239 8439 15887
240 8356 15765
241 8278 15697
242 8096 15555
243 5145 10751
244 4921 10469
245 4858 10406
246 4785 10343
247 4736 10299
248 4590 10231
249 8028 17077
250 8174 16883
251 7504 15396
252 7932 15752
253 6100 15698
254 6281 15752
255 4941 10946
256 4785 10773
257 4692 10676
258 4595 10578
259 4458 10500
260 3875 14083
261 3890 14195
262 3924 14307
263 3919 14375
264 3871 14482
265 3812 14609
266 3827 14696
267 3924 14852
268 4051 15057
269 4104 15140
270 4233 15378
271 4286 15523
272 4686 15713
273 4959 15729
274 5241 15822
275 5417 15890
276 5657 16009
277 5896 16067
278 7013 16033
279 7073 15982
280 4975 10547
281 5386 15156
282 5366 15171
283 5337 15156
284 5327 15127
285 5371 15112
286 5405 15132
287 5889 15273
288 6313 15409
289 6649 15507
290 6684 15551
291 6684 15594
292 4814 10140
293 4631 10062
294 6732 15390
295 6760 15448
296 6721 15439
297 6779 15161
298 6887 15068
299 6921 15020
300 7013 14781
301 8327 15253
302 8282 15326
303 8121 15526
304 7872 15825
305 7663 16134
306 7478 16318
307 5008 10829
308 4887 10678
309 4843 10653
310 3888 14015
311 3912 13825
312 3951 13805
313 4068 13820
314 4232 13922
315 4427 13878
316 4651 13883
317 4788 13829
318 5010 13722
319 5293 13625
320 5419 13559
321 4201 12410
322 5210 13105
323 5268 13173
324 5332 13261
325 5756 14288
326 6049 14978
327 6155 15151
328 6321 15341
329 6584 15570
330 7323 16192
331 7589 16407
332 8124 16842
333 15223 25950
334 17877 22027
335 20027 23722
336 20270 23051
337 18939 23492
338 19124 23350
339 17219 26762
340 17188 23712
341 16939 23940
342 16798 22686
343 16672 22584
344 17275 22171
345 17202 22077
346 17090 21913
347 16993 22010
348 18195 26322
349 18263 26341
350 18388 26609
351 18771 26634
352 19226 26668
353 19932 26721
354 17162 23480
355 16506 22769
356 16618 22891
357 16995 22467
358 16309 24223
359 15748 23617
360 17643 28751
361 17789 28703
362 18042 28612
363 18393 28446
364 18628 28297
365 19302 27990
366 18373 21756
367 17912 23975
368 17862 23971
369 17842 23956
370 17872 23927
371 18213 24337
372 18066 25599
373 18062 25651
374 18047 25666
375 18023 25642
376 18276 25383
377 18939 25666
378 16062 24438
379 16879 23730
380 17572 23118
381 18044 22217
382 18430 22634
383 19207 23436
384 19484 23539
385 18167 28501
386 17972 28594
387 17889 28379
388 17464 28565
389 17673 26569
390 17381 26074
391 17152 26005
392 17269 25176
393 18462 24117
394 19841 25698
395 19992 25204
396 18231 22418
397 17968 22616
398 18716 23628
399 18336 23977
400 19439 22792
401 19632 22850
402 19642 22904
403 19785 22923
404 19843 22913
405 20421 23099
406 20470 23147
407 20514 23172
408 20957 23303
409 21016 23138
410 17311 21759
411 17423 21876
412 17233 22071
413 17019 22022
414 16931 21983
415 16819 21842
416 15515 23878
417 16892 22350
418 16465 24555
419 16699 24370
420 16777 24224
421 16904 24010
422 17050 24068
423 17137 24136
424 17235 24253
425 17479 24565
426 16814 23103
427 17168 22665
428 20184 26091
429 19213 24984
430 18567 24234
431 18031 23636
432 17592 23139
433 17368 22896
434 16910 22369
435 20002 27936
436 19876 25737
437 16891 25845
438 16832 25684
439 16842 25583
440 16934 25065
441 16964 25020
442 17500 24547
443 17719 24776
444 18213 25315
445 18906 24628
446 20422 25522
447 20185 25123
448 20131 24972
449 20131 24886
450 20217 24735
451 20692 23947
452 19764 23634
453 18706 26124
454 18692 25914
455 18726 25861
456 17237 23201
457 16956 22928
458 17100 23035
459 17304 22821
460 17149 20520
461 17667 21048
462 16562 22165
463 13437 19159
464 13410 19057
465 12662 20249
466 12613 20377
467 12603 20838
468 12603 21020
469 12578 21152
470 12549 21230
471 12407 21558
472 12327 21748
473 15806 23086
474 15915 23139
475 15898 22964
476 16030 23016
477 15416 23315
478 15303 23276
479 15450 23188
480 15321 23144
481 15708 23295
482 15776 23354
483 15591 23422
484 15674 23480
485 15346 22933
486 15366 22883
487 15492 22967
488 15512 22915
489 15478 22808
490 15551 22842
491 15560 22882
492 15380 22759
493 15289 22720
494 15599 22540
495 15493 22496
496 15404 22413
497 15510 22457
498 15175 22331
499 15278 22374
500 15609 22228
501 15234 22179
502 15284 22873
503 15096 22775
504 15137 22196
505 15828 22689
506 15755 22665
507 16389 22340
508 16267 22467
509 15818 22257
510 15666 20081
511 14209 21571
512 14131 21736
513 14063 21732
514 13946 21703
515 14034 21527
516 13011 21750
517 12997 21238
518 12872 21174
519 12819 21153
520 12848 21062
521 12673 21048
522 14016 19222
523 14001 19261
524 14079 19411
525 15330 18095
526 13350 18693
527 13314 18698
528 13314 18737
529 13329 18727
530 14640 21330
531 13456 20785
532 15061 22555
533 15356 22564
534 15658 22701
535 15833 22857
536 16262 23042
537 14425 21561
538 14173 21424
539 13855 21293
540 13543 21152
541 13058 20962
542 13049 19349
543 13064 19195
544 13088 19083
545 15372 19670
546 15528 19430
547 13853 19105
548 13717 18783
549 16644 17792
550 16605 17860
551 16507 17914
552 16463 18001
553 16439 18060
554 16483 18502
555 13240 19989
556 13395 19543
557 14336 21312
558 14316 21356
559 14346 21376
560 14365 21327
561 13946 21113
562 13722 21001
563 13508 20888
564 13171 20723
565 12401 19075
566 15691 20976
567 15785 20888
568 15897 20718
569 15736 20163
570 15862 19942
571 15349 18864
572 15301 18562
573 13417 20016
574 13207 20002
575 13168 20046
576 13046 20245
577 13002 20265
578 15361 22115
579 15765 21537
580 12533 19755
581 12606 19633
582 13051 18769
583 13134 18604
584 15672 20135
585 15531 20372
586 15458 20432
587 15303 20544
588 15672 20510
589 15538 20359
590 12349 20434
591 12364 20238
592 15380 22077
593 15083 21936
594 14958 21946
595 15931 23110
596 16096 22945
597 15184 19253
598 15218 19256
599 15203 19247
600 14989 19310
601 13689 19174
602 13631 19222
603 13545 19256
604 13408 19359
605 13355 19412
606 13131 19562
607 13067 19645
608 12780 20082
609 14196 21240
610 14230 21141
611 16366 19255
612 16283 19396
613 16195 19508
614 16088 19623
615 12775 21687
616 12907 21468
617 12985 21312
618 13019 21100
619 14880 19399
620 14203 18956
621 11757 19709
622 12273 19796
623 12249 19786
624 12229 19810
625 11794 19947
626 11394 20029
627 14454 20335
628 14630 20132
629 14644 20059
630 14644 19995
631 14610 19479
632 14562 19411
633 14508 19352
634 14445 19289
635 14924 19427
636 15119 19549
637 15250 19602
638 16027 20033
639 16343 20288
640 12818 21616
641 13046 21772
642 15327 23100
643 15297 23324
644 15258 23385
645 16252 20918
646 16325 20825
647 15989 20547
648 11653 20442
649 11672 20242
650 11648 20118
651 14001 18477
652 13412 18560
653 13402 18579
654 13227 18487
655 13178 18535
656 14599 20193
657 14453 20077
658 14060 21377
659 14147 21215
660 17930 20486
661 17541 20919
662 17522 20900
663 17218 21280
664 14629 19779
665 14376 19843
666 14342 19833
667 14045 19438
668 13008 21174
669 13179 21252
670 13321 21350
671 14396 21545
672 14318 21691
673 14255 21725
674 14094 21733
675 13996 21715
676 13734 21632
677 17301 21374
678 16614 22041
679 14869 20483
680 15021 20234
681 12739 20869
682 12778 20553
683 13290 18856
684 13241 18749
685 13097 18678
686 14437 19682
687 14373 19692
688 14149 19356
689 12736 21320
690 12790 21165
691 12829 21156
692 12853 21033
693 12833 20936
694 12833 20869
695 11726 19692
696 11547 19546
697 12841 21579
698 12645 21510
699 12474 21403
700 12929 20567
701 12603 20538
702 11661 20361
703 11384 20341
704 11240 20263
705 15046 20664
706 15026 20796
707 14826 21040
708 14826 21162
709 15382 21382
710 14758 21135
711 14709 20593
712 12201 19289
713 11914 19386
714 11841 19530
715 12982 20356
716 15716 23652
717 15096 23292
718 15970 22902
719 16009 22788
720 16067 22740
721 16155 22769
722 16204 22827
723 16155 22964
724 13308 20551
725 13473 20359
726 13104 18432
727 12894 18873
728 12713 19239
729 12601 19429
730 12484 19594
731 12393 19662
732 14688 20530
733 14065 20013
734 13782 19641
735 11341 20427
736 15424 20971
737 15288 20835
738 15236 20811
739 14776 21624
740 14810 21238
741 14844 21170
742 16562 18505
743 16275 18495
744 15838 18490
745 15052 18597
746 14984 18622
747 14599 18787
748 14940 19583
749 14886 19593
750 14847 19622
751 14779 19717
752 13454 19256
753 13371 19242
754 13051 19330
755 13025 19364
756 12825 19490
757 12791 19529
758 12757 19573
759 12723 19656
760 12674 19768
761 12492 19861
762 16476 21868
763 16408 21795
764 16238 21595
765 15710 20997
766 15231 20463
767 14977 20185
768 14860 20073
769 14792 20003
770 14753 19940
771 14685 19745
772 14651 19443
773 14675 19351
774 12356 19929
775 12419 19846
776 12466 19807
777 15533 19999
778 15416 19882
779 15255 19760
780 15343 19653
781 17245 19641
782 16889 20114
783 16631 20002
784 16572 19943
785 16282 19734
786 15828 19476
787 15609 19801
788 15726 22762
789 15505 22935
790 15327 22866
791 14281 20191
792 14027 20325
793 13940 20262
794 13774 20077
795 11786 19726
796 11917 19750
797 11988 19716
798 12208 20470
799 12340 20504
800 12603 20494
801 13235 21493
802 12970 21342
803 14972 19143
804 15060 19196
805 15065 19288
806 14888 18909
807 14628 19006
808 12047 19888
809 11940 19576
810 14586 20445
811 14527 20564
812 14498 20720
813 14342 20966
814 12083 20057
815 11484 20140
816 15223 21593
817 14951 21471
818 15857 22173
819 15492 22007
820 15434 21968
821 15707 22496
822 15867 22150
823 15994 22033
824 16023 21999
825 16194 21723
826 13849 18474
827 13844 18704
828 13727 18777
829 13571 18860
830 13371 18953
831 15390 21126
832 15629 20906
833 12388 21150
834 12369 21160
835 12228 21106
836 12169 21077
837 12159 21048
838 12169 20994
839 12189 20965
840 12203 20950
841 12368 20984
842 13598 19932
843 13842 19956
844 13881 19995
845 13944 20073
846 14032 20132
847 14198 20273
848 11172 20341
849 11318 20172
850 11386 20099
851 11362 19739
852 11377 19714
853 11508 19588
854 11635 19437
855 11645 19369
856 11684 19271
857 11718 19242
858 11864 19120
859 12063 19018
860 15778 19218
861 15763 19208
862 15763 19164
863 15661 18950
864 13015 20306
865 12985 20344
866 12853 20870
867 15443 22604
868 15570 22311
869 15346 22223
870 15229 22486
871 15249 22561
872 15112 21697
873 14935 21619
874 14737 19365
875 14883 18997
876 14883 18948
877 14737 18728
878 16588 20575
879 16467 20702
880 16457 20785
881 16710 21071
882 14316 19227
883 13698 19705
884 13634 19792
885 13595 19997
886 13581 20085
887 13566 20167
888 13733 19679
889 13251 19482
890 12054 19531
891 11995 19359
892 12775 18725
893 12561 19161
894 15645 18513
895 15640 18040
896 16025 17967
897 15340 20586
898 15260 20684
899 15182 21103
900 15109 21274
901 12319 20057
902 12416 20077
903 13675 21936
904 13680 21887
905 13699 21726
906 13811 21424
907 16457 20724
908 16067 20403
909 15390 20189
910 14669 19633
911 12458 19813
912 12517 19916
913 12944 20185
914 12998 20247
915 13051 20374
916 13090 20403
917 13188 20476
918 13266 20534
919 14003 20825
920 14614 21078
921 15187 21304
922 15926 21601
923 16228 21738
924 16413 21855
925 16525 21947
926 16622 22034
927 12902 19604
928 12833 19784
929 12926 19852
930 15837 23279
931 15593 23581
932 14396 19633
933 14425 19575
934 14440 19536
935 14430 19502
936 14240 19285
937 11719 19737
938 11456 19883
939 11377 19883
940 14604 21671
941 14653 21194
942 14691 21108
943 11877 20379
944 11760 19765
945 13067 20927
946 12950 20874
947 12603 20869
948 13262 21546
949 13214 21605
950 13082 21595
951 12893 21493
952 16543 21236
953 16878 20900
954 12371 21017
955 12366 20949
956 12375 20871
957 12739 18535
958 12715 18633
959 12666 18687
960 12608 18730
961 12525 18867
962 12442 19008
963 12384 19105
964 12311 19149
965 12167 19222
966 15057 23925
967 15028 23592
968 15052 23431
969 15091 23303
970 15120 23235
971 15130 23113
972 15130 23016
973 15081 22665
974 14989 22150
975 14945 21851
976 14935 21739
977 14935 21579
978 14984 21325
979 15013 21236
980 13361 18929
981 13312 18813
982 13241 18684
983 13143 18577
984 13080 18532
985 13000 18506
986 12871 18492
987 14108 19804
988 13909 19542
989 13689 19497
990 13631 19409
991 13490 19502
992 13465 19572
993 13304 19994
994 13018 18630
995 12795 18519
996 12632 20318
997 12274 20212
998 12869 19463
999 13116 19535
1000 17401 13246
1001 17355 13391
1002 17084 13632
1003 17054 13692
1004 16457 9408
1005 16431 13511
1006 16340 13475
1007 16330 13329
1008 15150 13828
1009 15049 13906
1010 16270 13918
1011 16756 12872
1012 16420 11403
1013 16164 11489
1014 16046 11507
1015 15921 11556
1016 15921 11604
1017 15894 11721
1018 15894 11818
1019 15803 11915
1020 15644 12105
1021 15402 12206
1022 14972 12528
1023 18984 9262
1024 19053 9218
1025 19044 9112
1026 18966 9107
1027 19345 11477
1028 17708 13485
1029 17645 13442
1030 17655 13403
1031 17669 13340
1032 17665 13244
1033 17665 13173
1034 15589 12797
1035 15555 12705
1036 15431 12768
1037 15332 12763
1038 15318 12749
1039 16429 12921
1040 16410 12805
1041 16415 12674
1042 16473 12389
1043 16250 12244
1044 16226 12695
1045 16240 12792
1046 16308 12961
1047 16327 13044
1048 16381 13140
1049 16439 13189
1050 16552 13242
1051 16929 13253
1052 17016 12803
1053 17011 12716
1054 16982 12595
1055 20068 12700
1056 19927 12763
1057 19802 12802
1058 19244 12879
1059 18997 12966
1060 14949 13878
1061 14971 13852
1062 15198 13658
1063 15406 13523
1064 15532 13416
1065 15634 13315
1066 15706 13223
1067 15987 13392
1068 15769 13537
1069 15639 13648
1070 15481 13769
1071 15499 13789
1072 15315 13871
1073 15227 13900
1074 15077 13761
1075 14860 13582
1076 14806 13592
1077 14753 13563
1078 14642 13456
1079 14453 13292
1080 14313 13234
1081 14245 13165
1082 16406 11099
1083 16166 10950
1084 16098 10834
1085 16045 10742
1086 15977 10655
1087 15900 10563
1088 15810 10529
1089 15911 11318
1090 15608 11318
1091 15361 11342
1092 15202 11410
1093 14984 11507
1094 14660 11633
1095 14808 13358
1096 14648 13190
1097 15279 11537
1098 15139 11547
1099 15066 11571
1100 14892 11629
1101 14698 11712
1102 17229 12092
1103 16873 12121
1104 16226 12077
1105 15902 12136
1106 15681 12121
1107 15504 12048
1108 15357 11989
1109 14900 12048
1110 14827 12018
1111 14709 11708
1112 14635 11636
1113 16609 12379
1114 16271 12403
1115 14816 13034
1116 14505 13319
1117 16613 12855
1118 16652 12874
1119 16627 12903
1120 16594 12869
1121 15352 12605
1122 15589 12450
1123 15492 12165
1124 19526 11007
1125 19403 11157
1126 19185 11534
1127 19219 11686
1128 15934 11551
1129 15808 11526
1130 17977 11350
1131 18011 11384
1132 18016 11350
1133 17924 11350
1134 17794 11404
1135 17521 11745
1136 17521 11826
1137 17463 11952
1138 17390 12136
1139 17453 12470
1140 17453 12516
1141 17487 12623
1142 17535 12744
1143 17594 12797
1144 17724 12923
1145 18718 12163
1146 18563 12342
1147 18563 12410
1148 18539 12521
1149 18497 12587
1150 18419 12674
1151 18347 12655
1152 18206 12578
1153 17877 12674
1154 17785 12728
1155 17674 12834
1156 15152 13697
1157 14992 13485
1158 15114 13360
1159 15494 13448
1160 15392 13361
1161 15277 11710
1162 14774 11913
1163 18169 8820
1164 17773 9025
1165 17739 9515
1166 17671 9810
1167 17565 10004
1168 17553 10052
1169 17074 10325
1170 16697 10567
1171 21257 14001
1172 21219 13981
1173 21181 13962
1174 21142 13924
1175 21103 13884
1176 20958 13647
1177 20735 13294
1178 20595 13103
1179 20465 12948
1180 15000 13236
1181 14924 13318
1182 14789 13163
1183 14863 13086
1184 15211 13886
1185 15110 13961
1186 15213 13023
1187 15373 12911
1188 19065 9922
1189 19031 9892
1190 19002 9423
1191 18932 9428
1192 17766 9360
1193 19839 11744
1194 19897 11915
1195 19931 11963
1196 19994 12089
1197 20076 12345
1198 20110 12457
1199 20187 12611
1200 16406 13356
1201 16469 13204
1202 14795 12302
1203 14997 12189
1204 19058 14031
1205 19010 13963
1206 18879 13881
1207 18695 13634
1208 18690 13547
1209 18661 13432
1210 18642 13127
1211 18627 13050
1212 18531 12973
1213 15171 12129
1214 15169 12168
1215 15169 12158
1216 15121 12013
1217 15703 12062
1218 15573 11844
1219 15345 11868
1220 15796 11924
1221 15760 11774
1222 15731 11658
1223 15692 11591
1224 15469 11586
1225 16389 10404
1226 16193 10413
1227 16066 10313
1228 15939 10241
1229 18774 12528
1230 18329 12710
1231 18310 12753
1232 18363 12850
1233 18431 12913
1234 17947 13155
1235 15313 13583
1236 18140 9401
1237 18203 9726
1238 18271 10017
1239 18348 10271
1240 18435 10412
1241 18489 10533
1242 18498 10605
1243 18518 10631
1244 18411 10663
1245 18247 10659
1246 17918 10794
1247 17603 11112
1248 17579 11210
1249 17579 11229
1250 17685 11466
1251 15532 13987
1252 15500 13968
1253 15476 14016
1254 15510 14031
1255 15583 13881
1256 16510 11920
1257 16350 11674
1258 16190 11481
1259 16152 11491
1260 16084 11279
1261 16089 11240
1262 16021 11008
1263 15915 10887
1264 15895 10846
1265 15876 10783
1266 15823 10594
1267 15794 10449
1268 15731 10313
1269 15668 10202
1270 15610 10086
1271 17147 10999
1272 16900 10942
1273 16494 11058
1274 16298 13600
1275 16240 13719
1276 16202 13768
1277 16134 13806
1278 15844 13952
1279 15708 14019
1280 15795 13942
1281 15756 13840
1282 16003 13724
1283 16095 13661
1284 16197 13569
1285 16284 13594
1286 16376 13632
1287 19742 11654
1288 19727 11591
1289 19679 11481
1290 19616 11321
1291 19534 11041
1292 19510 10937
1293 19490 10788
1294 19463 10750
1295 19100 10436
1296 19071 10431
1297 19018 10441
1298 18495 10639
1299 15740 11786
1300 15639 11834
1301 15595 11737
1302 15711 11674
1303 15485 13047
1304 15485 12916
1305 15466 12839
1306 15365 12631
1307 15297 12490
1308 15205 12345
1309 23056 12112
1310 22279 11913
1311 21269 11662
1312 21119 11652
1313 20708 11637
1314 20531 11652
1315 20405 11671
1316 20042 11763
1317 19952 11778
1318 19744 11705
1319 19502 11676
1320 19348 11666
1321 18982 11720
1322 18616 11773
1323 18510 11773
1324 18442 11763
1325 17905 11608
1326 17816 11599
1327 17729 11613
1328 17647 11647
1329 17579 11691
1330 17521 11758
1331 17342 11908
1332 17206 12131
1333 17023 12436
1334 16989 12461
1335 16911 12461
1336 16873 12481
1337 16858 12515
1338 16858 12703
1339 20356 7566
1340 19991 7675
1341 18249 8155
1342 18167 8128
1343 18059 7983
1344 17992 7925
1345 17920 7916
1346 17684 8052
1347 17340 8260
1348 16661 9429
1349 16523 9519
1350 16170 11203
1351 16276 11018
1352 16463 10771
1353 16824 10476
1354 16863 10554
1355 17584 11395
1356 17715 11487
1357 17768 11607
1358 16892 10441
1359 16790 10151
1360 16790 10088
1361 16679 9784
1362 16374 9267
1363 16142 9344
1364 16200 9594
1365 16345 10213
1366 16456 10854
1367 16466 10946
1368 16553 11294
1369 16562 11387
1370 16587 11579
1371 16587 11660
1372 16558 11752
1373 16488 11887
1374 16510 11941
1375 16548 12107
1376 16655 12590
1377 16749 12886
1378 15121 12878
1379 15210 12815
1380 15016 12494
1381 17429 10199
1382 17477 10257
1383 17516 10286
1384 17608 10320
1385 17637 10363
1386 17744 10900
1387 16565 13211
1388 17248 13289
1389 17790 13139
1390 15348 13347
1391 15252 13250
1392 15348 13129
1393 19645 12515
1394 19776 12471
1395 19989 12220
1396 17660 10992
1397 17258 11084
1398 19952 13377
1399 19850 13353
1400 19715 13237
1401 19598 13092
1402 19497 12836
1403 21034 10773
1404 20821 9639
1405 20802 9610
1406 20753 9581
1407 20695 9572
1408 20647 9581
1409 20473 9697
1410 20444 9688
1411 20424 9639
1412 20405 9591
1413 20202 9339
1414 20018 9330
1415 19108 10036
1416 19205 10520
1417 20077 12394
1418 19894 12350
1419 22089 9865
1420 21905 10107
1421 21779 10213
1422 21711 10262
1423 21518 10455
1424 21382 10562
1425 21063 10755
1426 20705 10965
1427 20695 11013
1428 20705 11052
1429 20869 11284
1430 20124 11478
1431 20095 11478
1432 20066 11468
1433 19902 11381
1434 19206 11497
1435 14972 12649
1436 15062 12784
1437 15247 13078
1438 15454 13181
1439 15645 13226
1440 15984 13211
1441 16116 13049
1442 16322 13019
1443 13119 9589
1444 13047 9599
1445 13061 9560
1446 13305 9681
1447 10308 9147
1448 10347 8799
1449 12071 6830
1450 12259 6767
1451 11605 5095
1452 11623 4850
1453 11598 4692
1454 11391 4817
1455 11381 4784
1456 11419 4916
1457 11231 4861
1458 11255 4992
1459 11652 4663
1460 11608 4663
1461 11589 4498
1462 10278 5309
1463 10278 5352
1464 10278 5386
1465 10278 5144
1466 12697 8818
1467 12658 8823
1468 12542 8755
1469 12421 8808
1470 12363 8856
1471 12204 9006
1472 12175 8987
1473 12141 8929
1474 11889 9372
1475 11850 6765
1476 11937 7089
1477 12303 7070
1478 11073 8734
1479 11015 9105
1480 10801 5997
1481 10621 5896
1482 10631 5489
1483 10885 5480
1484 11392 9160
1485 11931 9389
1486 12420 9592
1487 12661 9703
1488 12010 5671
1489 11691 5865
1490 11637 5945
1491 12063 6226
1492 11367 5763
1493 10378 8589
1494 10394 8637
1495 10515 8400
1496 10244 8436
1497 10196 8453
1498 10176 8439
1499 10196 8410
1500 10394 8516
1501 12239 4705
1502 12215 4730
1503 11455 4884
1504 11378 4952
1505 11073 5049
1506 10981 5025
1507 11496 5694
1508 11336 5405
1509 11063 5444
1510 10705 8600
1511 10860 8387
1512 11231 9137
1513 11281 8884
1514 11828 8337
1515 11944 8149
1516 13113 6745
1517 13062 6741
1518 13012 6741
1519 12957 6745
1520 12917 6754
1521 12747 6792
1522 10954 6921
1523 10860 6834
1524 12647 5881
1525 12749 5446
1526 12667 4889
1527 12647 4411
1528 10346 4875
1529 10525 4686
1530 12684 8820
1531 12713 8831
1532 12757 8995
1533 12757 9111
1534 10740 4473
1535 10720 4425
1536 10736 4386
1537 10725 4415
1538 10784 4589
1539 10828 4765
1540 10445 7129
1541 11383 5463
1542 11494 5376
1543 11557 5318
1544 11586 5251
1545 11591 5188
1546 11291 5173
1547 11199 5313
1548 10741 7534
1549 10862 7539
1550 10891 7563
1551 10915 7626
1552 10887 5363
1553 10883 5673
1554 10868 5746
1555 10878 5842
1556 10650 6304
1557 10617 6342
1558 10292 6647
1559 10254 6710
1560 10225 6792
1561 10210 6879
1562 10210 7260
1563 10196 7699
1564 10192 8061
1565 12141 4446
1566 11808 4514
1567 11683 4475
1568 11141 4654
1569 10923 4731
1570 10594 4925
1571 10541 4996
1572 10449 5102
1573 10429 5151
1574 10425 5389
1575 10396 6537
1576 13405 9155
1577 13400 9111
1578 13357 9068
1579 13313 9068
1580 12839 8761
1581 12341 8297
1582 11662 8319
1583 11696 8328
1584 11725 8313
1585 11715 8318
1586 13210 9432
1587 13350 9452
1588 13245 10007
1589 11468 8497
1590 11512 8507
1591 11536 8482
1592 11531 8511
1593 11310 8463
1594 10843 5913
1595 11004 5991
1596 11052 5971
1597 13305 8242
1598 12023 8169
1599 11654 8037
1600 11347 7884
1601 10594 7110
1602 10652 8973
1603 11287 8526
1604 11384 8255
1605 11529 7974
1606 10421 3935
1607 10325 4002
1608 10315 4022
1609 10378 4510
1610 10513 4699
1611 10658 4825
1612 12481 5979
1613 11668 7878
1614 11668 7824
1615 11668 7950
1616 11629 8025
1617 12006 7329
1618 12003 7300
1619 12000 7271
1620 12010 7368
1621 12086 7382
1622 12323 8182
1623 11026 4693
1624 10954 4388
1625 11031 4354
1626 11113 4335
1627 11196 4325
1628 11234 4581
1629 11129 6198
1630 11120 6144
1631 11091 6163
1632 11313 6366
1633 10467 4151
1634 10500 4101
1635 10485 4125
1636 10433 4168
1637 10336 4212
1638 10914 6778
1639 10460 6481
1640 10973 6225
1641 10741 6118
1642 10170 8603
1643 10565 4344
1644 10589 4297
1645 10577 4322
1646 10546 4356
1647 10478 4385
1648 10357 4404
1649 10175 9160
1650 10170 8913
1651 10518 7270
1652 10504 7841
1653 13017 8221
1654 13002 8386
1655 12750 8690
1656 12729 8219
1657 12725 8065
1658 12715 8002
1659 12705 7939
1660 12696 7890
1661 12705 7871
1662 12744 7813
1663 12758 7765
1664 12758 7676
1665 11863 6095
1666 11912 6010
1667 12236 5819
1668 10265 4638
1669 10284 4643
1670 10400 4560
1671 13221 7645
1672 13236 7603
1673 13233 7613
1674 13270 7642
1675 12313 7705
1676 12108 7923
1677 12144 7981
1678 12105 7981
1679 12115 7715
1680 10113 7978
1681 10302 7934
1682 10389 7900
1683 11042 7561
1684 10505 6810
1685 10684 6627
1686 9921 4577
1687 10177 4705
1688 10233 4863
1689 10358 5033
1690 10610 5222
1691 10929 5255
1692 10916 5286
1693 11162 5567
1694 11186 5634
1695 11249 5825
1696 11433 6241
1697 11870 6341
1698 12299 6812
1699 12631 7421
1700 12476 7426
1701 12491 7694
1702 12237 4507
1703 12475 4352
1704 12537 4362
1705 12585 4391
1706 11626 5423
1707 11800 5534
1708 11933 7808
1709 11933 7770
1710 11933 8147
1711 20763 21909
1712 23854 16259
1713 23109 16634
1714 22560 16932
1715 21967 17238
1716 21856 17366
1717 21642 17556
1718 21336 17642
1719 20863 17758
1720 20075 17905
1721 20056 17881
1722 20056 17728
1723 20001 16732
1724 19940 15948
1725 19922 15802
1726 19885 15771
1727 19812 15777
1728 19781 15808
1729 19787 15906
1730 19824 16283
1731 19854 16718
1732 19903 17446
1733 19922 17911
1734 19910 17942
1735 19322 18064
1736 18936 18174
1737 18924 18234
1738 21802 19985
1739 19984 18800
1740 19285 18368
1741 19071 18261
1742 18696 18231
1743 18494 18273
1744 18339 18326
1745 18030 18415
1746 17806 18481
1747 17431 18606
1748 17193 18653
1749 17033 18641
1750 16825 18588
1751 16575 18505
1752 21178 21181
1753 20075 20988
1754 21586 16056
1755 21542 16051
1756 21446 16138
1757 21252 16250
1758 20952 16313
1759 20667 16173
1760 20773 16322
1761 20797 16375
1762 20855 16761
1763 20899 17253
1764 21029 17718
1765 21044 17911
1766 21029 18051
1767 20971 18248
1768 20826 18833
1769 20783 19022
1770 20734 19128
1771 20349 19162
1772 20320 19167
1773 20296 19157
1774 20281 19138
1775 20300 19114
1776 20334 19109
1777 20402 19356
1778 17778 17543
1779 17841 17698
1780 17836 17780
1781 17739 18093
1782 17720 18272
1783 17739 18383
1784 17778 18491
1785 18950 18236
1786 19289 19194
1787 19434 19767
1788 19463 19897
1789 19742 20623
1790 19767 20705
1791 19776 20957
1792 19834 21001
1793 20244 21107
1794 20355 21068
1795 21379 15808
1796 21346 15861
1797 21297 15924
1798 21225 15977
1799 21070 16035
1800 20804 16156
1801 20712 16175
1802 20071 16398
1803 20071 16432
1804 20594 16171
1805 20307 16064
1806 20042 16127
1807 19999 15769
1808 19984 15740
1809 19955 15716
1810 19926 15697
1811 19883 15692
1812 19800 15697
1813 19771 15706
1814 19728 15742
1815 19708 15800
1816 19747 16143
1817 19670 16211
1818 19573 16279
1819 19481 16298
1820 19125 16361
1821 19033 16395
1822 18965 16429
1823 18878 16458
1824 18750 16508
1825 18707 16575
1826 18687 16609
1827 18687 16638
1828 18683 16740
1829 18658 16788
1830 18581 16896
1831 18557 16940
1832 18562 16983
1833 18576 17027
1834 18581 17100
1835 18557 17148
1836 18431 17338
1837 18325 17470
1838 18267 17553
1839 18199 17587
1840 18073 17625
1841 17952 17688
1842 17830 17852
1843 18810 21021
1844 18820 20992
1845 18917 21011
1846 18936 20992
1847 19624 20314
1848 17471 17041
1849 18323 16315
1850 18449 16412
1851 18449 16489
1852 18294 16847
1853 18178 17050
1854 18100 17157
1855 17965 17263
1856 17694 17408
1857 20758 22843
1858 21194 23278
1859 20678 19761
1860 20687 19805
1861 20571 19810
1862 20476 19819
1863 19739 16194
1864 19768 16397
1865 19758 16407
1866 19739 16417
1867 19647 16426
1868 19468 16479
1869 19352 16523
1870 19134 16605
1871 18979 16668
1872 18994 16939
1873 18984 17041
1874 18878 17644
1875 18810 18229
1876 20671 19219
1877 20473 19490
1878 20435 19558
1879 20439 19587
1880 20502 19985
1881 20492 20072
1882 20613 20737
1883 20665 21145
1884 20917 21159
1885 20921 20743
1886 20955 20327
1887 20965 20240
1888 21183 19553
1889 12993 9866
1890 14444 11670
1891 14264 11685
1892 14131 11717
1893 13975 11717
1894 13199 13747
1895 13576 13547
1896 13576 13452
1897 13528 13447
1898 13513 13550
1899 13446 13544
1900 13475 13418
1901 13417 13408
1902 13378 13532
1903 13123 11489
1904 13268 11063
1905 13341 10829
1906 12462 11208
1907 12452 11238
1908 12408 11243
1909 12408 11200
1910 12578 11224
1911 12844 15085
1912 12714 15026
1913 13384 13271
1914 13123 13949
1915 13137 13983
1916 13210 14007
1917 13297 14116
1918 13734 15455
1919 13429 15431
1920 13168 15407
1921 13037 15397
1922 12914 15359
1923 13486 14959
1924 13320 14972
1925 13206 14968
1926 13584 10199
1927 13517 10374
1928 13458 10442
1929 14119 11508
1930 14081 11498
1931 14062 11537
1932 14096 11556
1933 14183 11366
1934 15779 11295
1935 15721 11116
1936 13693 13811
1937 13649 13777
1938 13600 13767
1939 13412 13762
1940 13378 13869
1941 13281 13869
1942 13170 13815
1943 12547 11722
1944 12059 11616
1945 12907 12788
1946 12979 12793
1947 13149 12349
1948 12271 11714
1949 12271 11825
1950 12257 11908
1951 12194 12062
1952 12155 12175
1953 12050 11759
1954 12876 15524
1955 13752 11736
1956 13536 12144
1957 13220 12936
1958 12900 13587
1959 12792 13779
1960 12720 13983
1961 12612 14474
1962 12576 14630
1963 13858 11129
1964 14434 11671
1965 14579 11911
1966 14773 12262
1967 13034 14290
1968 12986 14239
1969 12692 14109
1970 12839 15328
1971 12684 15270
1972 12350 15144
1973 11757 12158
1974 11842 12129
1975 11881 12124
1976 12620 12259
1977 12799 12288
1978 13137 12346
1979 13634 15893
1980 13600 15870
1981 12392 12218
1982 12533 11888
1983 12658 10759
1984 12571 11258
1985 12557 11325
1986 14533 11499
1987 14571 11479
1988 14591 11488
1989 14571 11522
1990 14417 11430
1991 12615 12677
1992 12571 12430
1993 12668 12267
1994 13215 11506
1995 13167 11687
1996 13142 11725
1997 13021 11958
1998 12915 12308
1999 14931 12554
2000 14631 12806
2001 14283 13130
2002 14220 13188
2003 13947 13509
2004 13620 13898
2005 13537 13965
2006 13194 14198
2007 12855 14415
2008 12749 14406
2009 12633 14377
2010 13529 10894
2011 13486 11050
2012 13476 11224
2013 13428 11335
2014 13181 11287
2015 13876 13594
2016 13825 13570
2017 13776 13551
2018 13486 13551
2019 13389 13536
2020 13302 13512
2021 13387 15026
2022 13542 15017
2023 14118 10690
2024 14089 10700
2025 14070 10690
2026 14084 10656
2027 14108 10694
2028 14176 10714
2029 12892 10501
2030 12858 10785
2031 12854 10940
2032 12820 11124
2033 12776 11279
2034 12800 11456
2035 13308 14493
2036 13294 14375
2037 13275 14322
2038 13183 14204
2039 12734 10969
2040 12768 11006
2041 12768 10967
2042 12633 10972
2043 14465 11338
2044 14412 11440
2045 14349 11498
2046 12552 15453
2047 12594 15280
2048 12599 15202
2049 12763 14951
2050 12797 14931
2051 12850 14873
2052 12899 14810
2053 12918 14776
2054 12971 14762
2055 13126 14733
2056 12862 10645
2057 13084 10737
2058 13476 10877
2059 13626 10925
2060 13858 10979
2061 12965 15131
2062 13079 15165
2063 13457 15223
2064 13697 15238
2065 12431 11020
2066 12402 10975
2067 12615 11053
2068 13149 13428
2069 13250 13438
2070 13320 13457
2071 12965 14339
2072 13560 15036
2073 13758 15306
2074 13807 15455
2075 13841 15562
2076 13739 15794
2077 13594 15930
2078 13415 16089
2079 13342 16181
2080 13337 16220
2081 13125 15897
2082 13037 15572
2083 12960 15543
2084 12476 15436
2085 13484 11690
2086 13184 11622
2087 12976 12116
2088 12889 12101
2089 12913 12000
2090 12947 11903
2091 12996 11767
2092 13097 11806
2093 12475 15197
2094 12489 15164
2095 12533 15101
2096 12683 14864
2097 12528 14743
2098 14038 13401
2099 13999 13372
2100 13883 13353
2101 13418 13275
2102 13200 13251
2103 13099 13212
2104 13452 14244
2105 13449 14210
2106 13458 14341
2107 13468 14487
2108 11430 11550
2109 11497 11521
2110 11536 11511
2111 12067 11487
2112 12294 11482
2113 12463 11501
2114 12565 11496
2115 12686 11462
2116 13086 11482
2117 13487 11554
2118 13604 11564
2119 13789 11651
2120 14229 10990
2121 14045 11256
2122 13861 11491
2123 13742 12378
2124 13699 12501
2125 14620 12817
2126 13428 12408
2127 13268 12067
2128 13167 12353
2129 13812 15704
2130 13647 15674
2131 13260 15620
2132 13185 15705
2133 16149 28406
2134 16099 28309
2135 16069 28851
2136 16171 29073
2137 16285 29371
2138 16707 28397
2139 16531 28484
2140 16371 28624
2141 16557 28538
2142 16431 28743
2143 16615 28657
2144 16989 26861
2145 15371 27614
2146 16847 28705
2147 16880 28722
2148 16896 28711
2149 16885 28684
2150 15508 29730
2151 15728 29626
2152 16483 28877
2153 16678 28796
2154 16353 29111
2155 16391 29055
2156 16407 29087
2157 15921 29146
2158 15899 29125
2159 15910 29135
2160 15937 29125
2161 16002 29263
2162 15991 29304
2163 15964 29320
2164 15948 29287
2165 16210 29174
2166 16022 27902
2167 16054 27902
2168 16048 27961
2169 16054 27972
2170 15806 28080
2171 15644 28145
2172 15557 28188
2173 15546 28226
2174 15552 28264
2175 15600 28376
2176 16404 27792
2177 16955 28824
2178 17042 29019
2179 16600 28250
2180 16602 28261
2181 16597 28223
2182 16505 28028
2183 16341 28109
2184 15744 28603
2185 15902 28527
2186 16254 28515
2187 16195 28385
2188 15895 28515
2189 15566 27753
2190 15534 27539
2191 16798 28531
2192 16603 28633
2193 15734 29255
2194 15497 29277
2195 16233 28678
2196 15978 27679
2197 15984 27700
2198 15966 27727
2199 15973 27716
2200 15950 27571
2201 15863 27385
2202 15831 28886
2203 15820 28853
2204 15853 28853
2205 16029 28772
2206 15392 28001
2207 15606 27979
2208 15719 27936
2209 15865 27866
2210 15795 27644
2211 15746 27596
2212 15687 27468
2213 16285 28815
2214 16343 28938
2215 16152 29030
2216 16818 29127
2217 16770 29001
2218 16640 28709
2219 16543 28479
2220 16456 28325
2221 16197 27826
2222 16164 27734
2223 16159 27707
2224 16153 27535
2225 16137 27448
2226 16067 27290
2227 15685 28999
2228 15476 29021
2229 15615 28772
2230 15456 28783
2231 16227 25735
2232 16487 26427
2233 16667 27010
2234 17175 27942
2235 17566 28787
2236 16301 28032
2237 15771 28270
2238 15782 28297
2239 15428 28448
2240 15798 28725
2241 15965 28650
2242 16591 28982
2243 16559 29028
2244 16577 29001
2245 16734 28920
2246 15564 29703
2247 15526 29615
2248 15370 27733
2249 15375 27679
2250 15364 27479
2251 15343 27425
2252 15289 26776
2253 15245 26210
2254 15223 25938
2255 15865 29026
2256 15849 28994
2257 15871 28983
2258 15887 28988
2259 16092 28902
2260 14640 30093
2261 14542 30113
2262 14395 30113
2263 14076 30059
2264 14023 30093
2265 13227 30721
2266 13201 30741
2267 10104 26507
2268 10235 26365
2269 10835 25225
2270 11196 24373
2271 11455 23778
2272 11666 23276
2273 11906 22694
2274 10361 25448
2275 11762 27996
2276 11388 28165
2277 11334 28088
2278 11296 28117
2279 11226 28025
2280 10923 28830
2281 10858 28744
2282 11667 29498
2283 11496 29606
2284 13027 29738
2285 12838 29554
2286 14951 28394
2287 14375 28664
2288 14429 28766
2289 14510 28588
2290 14570 28687
2291 14629 28524
2292 14683 28624
2293 14245 28734
2294 14305 28836
2295 13786 27484
2296 14055 27113
2297 13856 26846
2298 13818 26767
2299 13372 27054
2300 13263 27108
2301 13316 26935
2302 13193 26989
2303 11440 26679
2304 11575 26673
2305 11435 26506
2306 11559 26495
2307 12607 27605
2308 12528 27583
2309 12539 27475
2310 12671 27497
2311 12869 26906
2312 13059 26304
2313 12966 26358
2314 13014 26218
2315 12907 26272
2316 14231 25695
2317 14307 25828
2318 14350 25636
2319 14420 25763
2320 14534 25698
2321 14463 25582
2322 14080 25663
2323 14031 25534
2324 13901 25328
2325 13901 25182
2326 14123 25187
2327 14123 25333
2328 14177 25475
2329 14198 25466
2330 14247 25576
2331 12775 25571
2332 12771 25598
2333 12793 25474
2334 13758 24461
2335 13875 24126
2336 12197 23964
2337 14042 23638
2338 14398 23668
2339 14415 23641
2340 14377 23620
2341 14361 23647
2342 14489 23722
2343 14139 22013
2344 14074 22120
2345 14438 24402
2346 14161 24396
2347 13890 24375
2348 14399 24294
2349 13922 24288
2350 12752 25758
2351 12752 25710
2352 12789 25715
2353 12789 25753
2354 12635 25774
2355 12525 25769
2356 10623 25720
2357 12298 27041
2358 12496 26151
2359 13812 26625
2360 13657 26690
2361 13375 25310
2362 13283 29104
2363 13240 28967
2364 13299 28929
2365 13795 30273
2366 13681 30197
2367 13606 30176
2368 12998 30094
2369 12777 30132
2370 12544 30165
2371 12369 30213
2372 11721 30376
2373 11863 28138
2374 11735 28084
2375 11644 28052
2376 11530 27929
2377 13375 28095
2378 11813 28261
2379 11883 28080
2380 11602 27897
2381 11575 27902
2382 11404 28005
2383 14611 27762
2384 14426 27859
2385 12955 28670
2386 12869 28547
2387 12813 23607
2388 12537 23353
2389 12521 23364
2390 12373 23218
2391 13544 28264
2392 14376 26953
2393 14177 27055
2394 14280 27271
2395 14436 27196
2396 12786 30428
2397 12905 30676
2398 12964 30823
2399 11914 26725
2400 11757 26432
2401 11784 26291
2402 12939 25842
2403 12977 25973
2404 13036 26064
2405 11168 27028
2406 11128 27028
2407 11128 26996
2408 11166 26996
2409 11177 27223
2410 10750 27250
2411 11539 25860
2412 13189 24912
2413 13162 24944
2414 13038 24949
2415 12989 25165
2416 14680 24674
2417 14476 24722
2418 12165 23159
2419 13155 27477
2420 13258 27947
2421 13090 28089
2422 10699 28403
2423 10840 28446
2424 10925 28506
2425 14630 22058
2426 14548 22069
2427 14424 22063
2428 14326 22025
2429 12696 21898
2430 12680 21923
2431 12577 22074
2432 12442 22166
2433 12204 22750
2434 14173 25899
2435 14060 25964
2436 12289 26524
2437 12229 26315
2438 11505 26185
2439 11251 26266
2440 11089 26266
2441 10922 26255
2442 12880 30851
2443 12276 30096
2444 11449 28994
2445 10979 28372
2446 10746 28041
2447 10714 27981
2448 10644 27455
2449 10465 26088
2450 12389 22797
2451 12105 26624
2452 11991 26431
2453 11991 26302
2454 11991 26686
2455 12051 26759
2456 12110 27472
2457 12213 27640
2458 12235 27840
2459 12126 28034
2460 12141 28294
2461 11840 28715
2462 12211 23608
2463 12200 23601
2464 12319 23666
2465 12271 23785
2466 12168 23736
2467 12189 23682
2468 11979 23595
2469 12635 26784
2470 12418 26860
2471 12316 26876
2472 13265 27435
2473 13287 27478
2474 13294 27494
2475 13191 27275
2476 12209 26148
2477 12220 25856
2478 11211 28406
2479 11206 28487
2480 11147 28595
2481 13222 25435
2482 13119 25483
2483 13017 25500
2484 12784 25462
2485 12779 25162
2486 12431 26292
2487 12253 26346
2488 14391 28368
2489 14418 28389
2490 14440 28368
2491 14429 28346
2492 14220 28470
2493 11423 28024
2494 11253 28148
2495 11226 28153
2496 13011 26466
2497 15062 28796
2498 14925 28872
2499 13911 26822
2500 13603 26968
2501 11299 24716
2502 11905 28288
2503 11589 28197
2504 11308 27905
2505 11233 27867
2506 10692 27851
2507 13626 26626
2508 13755 26895
2509 13183 26172
2510 13163 26134
2511 13177 26107
2512 13172 26118
2513 13269 26334
2514 13074 26582
2515 13166 26528
2516 13433 26431
2517 14027 28490
2518 13989 28539
2519 14000 28555
2520 14001 28523
2521 14182 28388
2522 11931 22639
2523 11798 22558
2524 11791 22507
2525 11798 22470
2526 11916 22177
2527 12033 21855
2528 12033 21716
2529 11989 21591
2530 11945 21525
2531 11791 21416
2532 11608 21284
2533 11705 23768
2534 11462 24326
2535 11267 24795
2536 11197 24774
2537 11180 24795
2538 12831 26173
2539 12750 26001
2540 12723 25887
2541 12146 22726
2542 12033 22988
2543 11957 25858
2544 11973 25151
2545 11402 26790
2546 11202 26768
2547 10887 26671
2548 10764 26671
2549 10544 26692
2550 11388 25862
2551 12377 25829
2552 12404 25905
2553 12680 25894
2554 12853 25867
2555 13098 25797
2556 13348 25689
2557 13245 26518
2558 13180 26380
2559 12696 30279
2560 12604 30312
2561 12669 30398
2562 14004 25954
2563 13674 25294
2564 13680 25177
2565 12053 28182
2566 12053 28042
2567 11880 28036
2568 13882 24986
2569 13883 24943
2570 13878 25182
2571 10907 27653
2572 10809 27755
2573 10798 27663
2574 10988 27647
2575 10998 27761
2576 10912 27750
2577 10923 27825
2578 11919 25149
2579 13393 25779
2580 13559 25687
2581 13445 25465
2582 13280 25552
2583 15213 29306
2584 15153 29333
2585 11694 27916
2586 11705 27860
2587 11694 27833
2588 11662 27768
2589 11726 27752
2590 15224 29346
2591 15035 28703
2592 14075 27155
2593 13845 27274
2594 14485 24530
2595 14474 24563
2596 14426 24585
2597 14150 24568
2598 13885 24552
2599 13858 24525
2600 13853 24476
2601 13966 24163
2602 13998 24147
2603 14323 24152
2604 14355 24185
2605 14426 24363
2606 14677 24530
2607 12667 21942
2608 12375 21812
2609 13099 29314
2610 12867 22577
2611 12640 22490
2612 12618 22458
2613 12613 22409
2614 12602 22371
2615 12580 22350
2616 12395 22279
2617 12336 27035
2618 13402 30583
2619 13316 30554
2620 13202 30494
2621 13132 30424
2622 13078 30316
2623 12964 30100
2624 12366 23299
2625 12376 23310
2626 12280 23413
2627 12242 23407
2628 12099 23315
2629 11822 26151
2630 11849 25859
2631 14682 25198
2632 11051 25138
2633 10964 25138
2634 10893 25090
2635 11235 25135
2636 11202 25247
2637 10937 25182
2638 10948 25127
2639 10914 26358
2640 10708 26315
2641 10496 26326
2642 12321 27037
2643 12380 27088
2644 12494 27088
2645 12737 26996
2646 12748 26969
2647 12307 27473
2648 12312 27798
2649 13460 26673
2650 13460 26630
2651 13476 26571
2652 13357 26291
2653 12476 27228
2654 12090 27223
2655 14170 29086
2656 14343 29091
2657 14343 29167
2658 14716 29167
2659 14985 28994
2660 15160 29128
2661 15071 29166
2662 13682 26742
2663 13530 26818
2664 12355 25574
2665 12171 25564
2666 14171 28172
2667 13961 27765
2668 13765 27846
2669 11339 23616
2670 11415 23450
2671 11420 23407
2672 11415 23364
2673 11398 23353
2674 11377 23348
2675 11334 23369
2676 11312 23413
2677 11290 25627
2678 11426 25135
2679 10823 27473
2680 10793 27506
2681 10804 27247
2682 11077 23982
2683 10971 23949
2684 10966 23917
2685 10966 23890
2686 10998 23825
2687 11069 23712
2688 11159 23760
2689 12635 25895
2690 12635 25638
2691 13856 28163
2692 13829 28012
2693 13775 27842
2694 13726 27763
2695 13591 27720
2696 13332 27844
2697 13344 28569
2698 13312 28579
2699 12998 28639
2700 13697 28488
2701 13485 28677
2702 13036 28839
2703 10666 27643
2704 11148 27558
2705 11148 27477
2706 11251 27326
2707 11299 27190
2708 11316 27104
2709 11289 27061
2710 11029 26726
2711 11584 26767
2712 11552 26405
2713 11595 26227
2714 14862 29251
2715 15065 29154
2716 12471 24962
2717 12508 24865
2718 12323 24784
2719 13296 26893
2720 13258 26854
2721 13420 27159
2722 14038 28985
2723 14778 28574
2724 14878 29457
2725 14986 29457
2726 15169 29365
2727 13870 26742
2728 13784 26785
2729 13725 26662
2730 12114 27888
2731 12146 27817
2732 12130 27671
2733 12087 27661
2734 11865 27725
2735 11898 27882
2736 11860 27952
2737 13424 28704
2738 13402 28542
2739 13402 28278
2740 13868 28736
2741 13633 28909
2742 13476 29012
2743 13119 29158
2744 13580 30442
2745 13424 30309
2746 13305 30239
2747 13186 30233
2748 13048 30260
2749 13472 27526
2750 13510 27544
2751 13532 27533
2752 13516 27500
2753 13245 27662
2754 13642 27048
2755 13092 27324
2756 12923 27291
2757 12734 27389
2758 12393 28070
2759 12141 28280
2760 12080 28356
2761 13207 25940
2762 13215 25956
2763 13220 25967
2764 13134 25781
2765 14242 27488
2766 14132 27542
2767 14099 27482
2768 14062 27461
2769 13921 27417
2770 13759 27082
2771 12609 22982
2772 12361 23231
2773 14547 27531
2774 14485 27558
2775 14458 27531
2776 14309 27623
2777 15000 28587
2778 14483 23530
2779 14418 23539
2780 14435 23501
2781 14667 23641
2782 14744 23652
2783 12436 21955
2784 12610 22025
2785 11629 25860
2786 11640 25144
2787 14892 28603
2788 14941 28576
2789 14865 28430
2790 14736 28489
2791 14007 26661
2792 13950 26677
2793 13939 26650
2794 13988 26623
2795 14134 26919
2796 13135 27104
2797 13092 27093
2798 13081 27061
2799 13108 27050
2800 13211 27265
2801 11881 27016
2802 11892 27102
2803 13308 26027
2804 13422 26258
2805 13469 25173
2806 13550 24921
2807 13550 24807
2808 14503 27374
2809 14249 27504
2810 11869 26845
2811 11869 26747
2812 13861 27610
2813 13890 27599
2814 13907 27632
2815 13880 27643
2816 13717 27367
2817 14682 25668
2818 14597 25663
2819 14245 25863
2820 13590 26176
2821 13316 26311
2822 12984 26479
2823 12919 26463
2824 12741 26322
2825 12676 26317
2826 12600 26355
2827 13572 27255
2828 13615 27261
2829 13631 27299
2830 13598 27309
2831 13507 27115
2832 12089 25154
2833 12105 24912
2834 11940 24890
2835 13926 22058
2836 14657 22361
2837 14144 22678
2838 12633 24139
2839 13523 27934
2840 13447 27778
2841 12849 27330
2842 12865 27354
2843 12881 27376
2844 13006 27446
2845 13114 26414
2846 13000 26191
2847 12865 28328
2848 12860 28271
2849 12844 28239
2850 12784 28179
2851 12514 27963
2852 12451 27936
2853 11042 27477
2854 11026 27232
2855 14312 25421
2856 13842 25621
2857 13000 25824
2858 12957 25688
2859 12589 26551
2860 12449 26627
2861 12303 26670
2862 12871 22887
2863 12638 22762
2864 12449 22633
2865 12280 22562
2866 12571 24707
2867 12598 24712
2868 12561 24706
2869 12385 24636
2870 14299 23769
2871 14278 23724
2872 14288 23746
2873 14424 23843
2874 14559 23576
2875 13089 25166
2876 15375 29785
2877 12114 24173
2878 11957 24108
2879 11903 24059
2880 11798 24022
2881 11640 24394
2882 11250 24249
2883 12460 24458
2884 12184 24344
2885 12098 24339
2886 11728 24187
2887 10988 25614
2888 10713 25506
2889 10752 28832
2890 10678 25585
2891 10418 25472
2892 10278 25807
2893 10548 25904
2894 10294 26039
2895 10305 25985
2896 10305 25910
2897 10332 25827
2898 10631 29568
2899 10653 29001
2900 10690 28920
2901 10766 28832
2902 10885 28725
2903 10901 28682
2904 10938 28315
2905 11716 27030
2906 11694 26760
2907 14184 28904
2908 14587 28918
2909 14584 28999
2910 14589 28826
2911 14525 28713
2912 14698 26760
2913 14359 26884
2914 14213 26879
2915 13996 26992
2916 13935 23953
2917 13687 24666
2918 11308 22346
2919 11406 22411
2920 11762 22562
2921 14993 27789
2922 14501 28012
2923 14099 28206
2924 14051 28217
2925 13856 28234
2926 12807 28333
2927 12222 28565
2928 11995 28657
2929 11806 28727
2930 11660 28770
2931 11321 28824
2932 12148 30253
2933 12083 30177
2934 12013 30102
2935 11959 30069
2936 11759 30058
2937 11705 30037
2938 11553 29853
2939 11472 29502
2940 11429 29410
2941 11364 29291
2942 11256 29134
2943 11197 29053
2944 11164 28988
2945 11143 28934
2946 11137 28826
2947 11952 24726
2948 12793 23741
2949 12768 23908
2950 12698 24032
2951 12568 24249
2952 12487 24391
2953 12292 24861
2954 12265 24969
2955 12260 25158
2956 14711 22946
2957 14660 22946
2958 14611 22935
2959 14271 22741
2960 14535 22311
2961 13283 27886
2962 13062 27745
2963 13002 27670
2964 12694 27459
2965 12624 30154
2966 12462 29913
2967 12353 29783
2968 12207 29613
2969 13680 27702
2970 13669 27583
2971 13186 28298
2972 13186 28165
2973 12564 27679
2974 14880 27844
2975 14733 27153
2976 14668 26403
2977 14682 26123
2978 14682 24758
2979 14668 24008
2980 14675 23986
2981 14763 23569
2982 14741 23288
2983 14638 22146
2984 14616 21882
2985 12940 26762
2986 12977 26796
2987 12988 26789
2988 12961 26782
2989 12831 26535
2990 12826 26497
2991 12836 26459
2992 12858 26421
2993 13422 27356
2994 13454 27356
2995 13471 27383
2996 13444 27399
2997 13346 27196
2998 11965 29682
2999 12510 29531
3000 12645 29660
3001 12807 29855
3002 12948 30103
3003 13256 29904
3004 13094 30017
3005 13089 30082
3006 12319 22798
3007 11476 24782
3008 11325 25133
3009 14682 26046
3010 14444 26046
3011 13676 26349
3012 12456 22157
3013 12191 22043
3014 11494 23686
3015 11229 23568
3016 11040 24083
3017 10683 23822
3018 10842 23881
3019 10793 23978
3020 11279 24184
3021 14098 28621
3022 14065 28601
3023 14049 28612
3024 14065 28644
3025 14244 28520
3026 11126 25136
3027 11024 25475
3028 10959 25726
3029 10943 25992
3030 10921 26273
3031 10878 26780
3032 10824 26855
3033 10786 26920
3034 10748 27045
3035 10705 27196
3036 10667 27212
3037 10618 27255
3038 13707 26410
3039 13478 26513
3040 14874 29331
3041 14998 29320
3042 15114 29252
3043 11768 16901
3044 11812 16817
3045 11799 16757
3046 11717 16768
3047 11689 16865
3048 12429 18186
3049 11570 18739
3050 12734 18479
3051 12027 18972
3052 12041 18991
3053 12136 18972
3054 12191 18927
3055 12255 18826
3056 12292 18433
3057 12319 18241
3058 12504 18184
3059 12731 18383
3060 12481 18383
3061 13028 18203
3062 13024 18305
3063 12838 18300
3064 12843 18183
3065 12726 18178
3066 13792 17815
3067 13241 17815
3068 10289 17501
3069 9544 17426
3070 9567 17790
3071 11433 18248
3072 11381 18192
3073 11268 18238
3074 10705 19875
3075 10643 19612
3076 10598 19493
3077 10789 17131
3078 10727 17390
3079 10711 17480
3080 10721 17803
3081 9276 18276
3082 9097 18570
3083 8963 18717
3084 9435 17763
3085 9386 17258
3086 11569 17569
3087 11057 17825
3088 11007 17825
3089 11401 17487
3090 11516 17418
3091 11241 17738
3092 11345 17707
3093 11258 17810
3094 10447 18930
3095 10100 18878
3096 9644 18688
3097 9368 18524
3098 9654 18504
3099 9831 18589
3100 10929 18044
3101 10939 18087
3102 10965 18126
3103 11422 18638
3104 10716 19007
3105 10742 18745
3106 10552 18973
3107 10523 19342
3108 10637 19459
3109 9985 18504
3110 9880 18806
3111 10667 17764
3112 10503 17458
3113 12041 18155
3114 12022 18169
3115 12081 18097
3116 12002 17946
3117 14170 18099
3118 14126 18104
3119 14082 18109
3120 14032 18119
3121 13979 18124
3122 13934 18129
3123 13888 18134
3124 13829 18134
3125 13632 18108
3126 13481 18095
3127 13357 18042
3128 13180 17911
3129 13082 17872
3130 13003 17865
3131 12937 17878
3132 12524 18092
3133 12118 18114
3134 11642 18124
3135 11071 18132
3136 11101 18048
3137 11974 18944
3138 11961 18858
3139 11938 18816
3140 11856 18763
3141 11666 18650
3142 12389 18091
3143 11412 17649
3144 12348 17647
3145 12430 17835
3146 12506 18091
3147 10886 18770
3148 10833 19382
3149 12026 18223
3150 11990 18263
3151 10056 17840
3152 11752 17071
3153 11806 17110
3154 10259 18899
3155 10282 18693
3156 12191 18395
3157 12201 18320
3158 12214 18261
3159 12214 18225
3160 12198 18205
3161 12057 18169
3162 9576 16496
3163 9576 16515
3164 9582 16539
3165 9588 16564
3166 9643 17262
3167 12085 18177
3168 11738 16945
3169 11711 16906
3170 11584 16893
3171 11567 16891
3172 11629 16831
3173 11662 16798
3174 11682 16742
3175 11743 16720
3176 11776 16756
3177 11892 16759
3178 12059 16778
3179 12020 16774
3180 11892 16818
3181 11816 16870
3182 11303 16861
3183 10583 18980
3184 10606 18731
3185 11999 18958
3186 12116 18902
3187 12158 18856
3188 12185 18804
3189 12198 18705
3190 12168 18636
3191 9173 17879
3192 8992 18083
3193 12219 17385
3194 11954 17581
3195 11836 17634
3196 8652 17274
3197 9042 17545
3198 9311 17716
3199 9400 17752
3200 11144 17934
3201 11126 17844
3202 11115 17799
3203 12188 18465
3204 12126 18455
3205 11998 18386
3206 11916 18317
3207 11404 18045
3208 11385 17891
3209 11306 17613
3210 12144 17307
3211 12042 17310
3212 11977 17340
3213 11849 17422
3214 11352 19095
3215 10988 18680
3216 10381 19245
3217 10417 19094
3218 11702 18416
3219 11664 18508
3220 10661 17754
3221 10594 17734
3222 10268 17714
3223 10530 16873
3224 10481 16695
3225 10305 16741
3226 10058 16725
3227 9827 16653
3228 9597 16679
3229 12537 17802
3230 12346 17861
3231 10573 17890
3232 10019 18266
3233 9668 18135
3234 11730 17528
3235 11572 17580
3236 11615 17748
3237 11578 18032
3238 11555 18081
3239 11558 18324
3240 11678 18475
3241 11600 17854
3242 11517 18382
3243 10611 17662
3244 10628 17436
3245 10651 17366
3246 11623 18388
3247 11548 18431
3248 11505 18470
3249 11479 18480
3250 12870 17915
3251 10917 17444
3252 10504 17322
3253 10370 17280
3254 10849 16985
3255 10794 16795
3256 10045 16893
3257 9852 16867
3258 11579 18731
3259 11569 18692
3260 11612 18650
3261 11664 18577
3262 12767 17556
3263 10933 18028
3264 10995 18018
3265 11031 17972
3266 11014 17913
3267 10974 17897
3268 9806 18205
3269 10862 19037
3270 9775 17447
3271 9789 17264
3272 9815 16960
3273 10875 18758
3274 10472 18718
3275 10118 18672
3276 9955 18633
3277 10667 19693
3278 10359 19726
3279 10641 18735
3280 10751 17914
3281 11362 17784
3282 11450 17722
3283 11440 17729
3284 11596 17686
3285 11047 17737
3286 10955 17941
3287 11646 16903
3288 11526 17344
3289 11552 17495
3290 11987 18465
3291 11803 18458
3292 13453 18083
3293 12463 18091
3294 10745 17967
3295 10567 17947
3296 10052 17895
3297 9863 17875
3298 9482 17829
3299 9378 17803
3300 9207 17724
3301 11519 18131
3302 11401 18098
3303 11355 18098
3304 11277 18098
3305 11098 18059
3306 11008 17993
3307 10313 17271
3308 8930 17252
3309 13025 17864
3310 11541 17427
3311 12087 17488
3312 12186 18065
3313 12218 18111
3314 11377 16931
3315 11344 17069
3316 11239 17264
3317 11141 17442
3318 11102 17541
3319 10979 17478
3320 11253 18445
3321 11331 18360
3322 11462 18216
3323 11528 18183
3324 11558 18719
3325 11447 18987
3326 11421 19033
3327 11113 19308
3328 11060 19328
3329 10665 19407
3330 10608 19485
3331 10549 19531
3332 10464 19544
3333 10523 19926
3334 10503 19711
3335 10866 17920
3336 10777 17844
3337 9642 17856
3338 9629 17938
3339 9616 18017
3340 9590 18087
3341 11749 17676
3342 11604 17722
3343 10695 19003
3344 10663 19435
3345 11065 18611
3346 10717 18211
3347 10951 18480
3348 10763 18631
3349 11371 18316
3350 11309 18284
3351 11211 18172
3352 11224 18087
3353 11923 17097
3354 12041 17137
3355 12140 17215
3356 12245 17294
3357 12245 17333
3358 11226 16885
3359 11194 16891
3360 10663 17035
3361 11316 18098
3362 11296 17907
3363 11124 17201
3364 11067 17167
3365 11014 17154
3366 10955 17147
3367 10667 17121
3368 10331 17089
3369 9618 16866
3370 12485 17705
3371 12649 18013
3372 10672 18526
3373 11249 19187
3374 11918 18770
3375 11839 18642
3376 11964 18629
3377 11909 18757
3378 11557 18293
3379 11558 18307
3380 11485 18349
3381 11462 18402
3382 11426 18474
3383 11357 18569
3384 11715 18264
3385 11669 18261
3386 11548 18248
3387 12628 17449
3388 12140 17796
3389 12637 17423
3390 12971 17508
3391 12958 17547
3392 12866 17587
3393 12676 17528
3394 12617 17445
3395 10347 16927
3396 10254 17860
3397 11895 18461
3398 11942 18464
3399 13245 17967
3400 13239 17734
3401 13220 17715
3402 13018 17708
3403 11773 17015
3404 11748 17084
3405 11723 17229
3406 11717 17349
3407 11729 17450
3408 10361 19971
3409 10842 19838
3410 10842 19788
3411 10848 19744
3412 10848 19706
3413 10835 19662
3414 10817 19605
3415 10804 19554
3416 10804 19498
3417 10823 19384
3418 10013 17267
3419 10032 17065
3420 10070 16554
3421 11812 18423
3422 11809 18359
3423 11812 18303
3424 11802 18284
3425 11773 18122
3426 11750 18115
3427 11733 18010
3428 11681 17896
3429 11645 17784
3430 11610 17735
3431 11764 17040
3432 11286 16906
3433 9221 17655
3434 9231 17662
3435 9221 17594
3436 9133 17322
3437 9128 17254
3438 8761 18667
3439 8826 18454
3440 9171 18426
3441 9003 18286
3442 8762 18438
3443 8811 18320
3444 8865 18227
3445 9058 18331
3446 9214 18146
3447 9399 17970
3448 9453 17907
3449 9497 17782
3450 8723 17701
3451 8839 17404
3452 9073 18142
3453 9168 18210
3454 8728 17986
3455 8849 17966
3456 8999 17810
3457 9111 17663
3458 6515 20952
3459 6320 21136
3460 5925 21491
3461 5897 21875
3462 5787 21968
3463 7248 18915
3464 6063 19299
3465 5324 19389
3466 5109 19533
3467 4026 20191
3468 3933 20250
3469 10314 22465
3470 10260 22251
3471 10260 22202
3472 10421 21718
3473 10416 21638
3474 10375 21345
3475 782 25213
3476 1970 25175
3477 3213 25125
3478 4100 25081
3479 5783 25014
3480 6508 24913
3481 6878 24774
3482 7869 24405
3483 8043 24308
3484 8221 24197
3485 8332 24096
3486 8404 24005
3487 8737 17640
3488 8284 17529
3489 7964 17447
3490 7711 17375
3491 8720 17736
3492 8655 17760
3493 8558 17796
3494 8450 17784
3495 8027 17699
3496 7943 17772
3497 7894 17832
3498 7738 17965
3499 7605 17989
3500 7062 17989
3501 6772 17941
3502 6483 17923
3503 7654 17541
3504 7748 17265
3505 7255 17998
3506 7338 17570
3507 7827 17747
3508 7802 17766
3509 7777 17756
3510 7792 17731
3511 7931 17786
3512 7026 17983
3513 7065 17822
3514 6904 17788
3515 7130 17538
3516 8052 17690
3517 7994 17631
3518 7725 17573
3519 7539 17491
3520 3806 21351
3521 3736 20731
3522 3258 19967
3523 8113 18300
3524 8169 18212
3525 8212 18095
3526 8218 17990
3527 8187 17990
3528 8704 18357
3529 8378 18302
3530 8285 18345
3531 8205 18355
3532 7831 17911
3533 7973 17973
3534 7967 18023
3535 8035 18023
3536 8035 18066
3537 8203 18122
3538 7149 18431
3539 7474 18015
3540 9263 22155
3541 8792 23446
3542 8554 23395
3543 7921 24070
3544 7915 23813
3545 6336 22567
3546 6279 22440
3547 4084 19962
3548 4996 20133
3549 5684 20278
3550 5665 20252
3551 5684 20115
3552 5953 20280
3553 5966 20148
3554 6363 19544
3555 6325 19428
3556 6243 19674
3557 6268 19819
3558 8834 17418
3559 8752 17627
3560 8723 17715
3561 8733 18171
3562 8695 18423
3563 8663 18808
3564 8533 18923
3565 8476 18915
3566 8400 18875
3567 8484 18616
3568 8393 18600
3569 7802 22787
3570 7671 22793
3571 9468 22408
3572 9335 22344
3573 9314 22392
3574 9174 22323
3575 8102 18293
3576 8059 18379
3577 8000 18427
3578 7920 18502
3579 7850 18626
3580 7759 18888
3581 7631 19221
3582 3257 19910
3583 2841 20023
3584 2267 19798
3585 7082 19734
3586 7005 19793
3587 7576 18526
3588 7251 18301
3589 1749 22151
3590 1765 22144
3591 2569 21983
3592 4126 21672
3593 4449 21285
3594 7203 18719
3595 6963 20900
3596 6871 20975
3597 6793 20847
3598 9437 22471
3599 9533 22274
3600 9480 22135
3601 9571 21926
3602 9582 21851
3603 9710 21583
3604 9742 21486
3605 9764 21350
3606 7710 20958
3607 7775 21036
3608 7678 21127
3609 7609 21038
3610 9619 21771
3611 9549 21771
3612 9378 21744
3613 8758 23610
3614 8785 23617
3615 8801 23620
3616 8536 23561
3617 7810 22401
3618 8994 19037
3619 9090 19160
3620 9160 19165
3621 9213 19176
3622 9707 19557
3623 9744 19640
3624 8763 23800
3625 8833 23758
3626 9010 23682
3627 9128 23613
3628 9319 23495
3629 9464 23382
3630 9592 23264
3631 9878 22978
3632 10307 22550
3633 10436 22416
3634 10582 22244
3635 10625 22142
3636 10663 22051
3637 10825 21824
3638 10906 21708
3639 10965 21628
3640 11002 21574
3641 11024 21531
3642 11051 21456
3643 11056 21392
3644 11045 21317
3645 11018 21256
3646 10938 21111
3647 9496 22178
3648 9296 22092
3649 9199 22280
3650 6963 21960
3651 6744 22115
3652 9029 21229
3653 8879 21293
3654 8793 21347
3655 8670 21438
3656 8681 21513
3657 8772 21639
3658 5775 19798
3659 5775 19755
3660 5894 19734
3661 10203 20028
3662 9104 20849
3663 8826 20525
3664 5153 19171
3665 5094 19208
3666 5094 19171
3667 5303 19171
3668 5314 19144
3669 5373 19100
3670 5976 21153
3671 6002 21267
3672 6023 21336
3673 6040 21363
3674 10118 22367
3675 10279 22362
3676 8275 18544
3677 9131 21651
3678 9126 21610
3679 9094 21626
3680 9142 21658
3681 9190 21674
3682 8940 22823
3683 8610 22748
3684 9623 19998
3685 9623 19971
3686 8445 18480
3687 8386 18640
3688 8402 18747
3689 6131 19119
3690 6088 19108
3691 6072 19081
3692 6099 19065
3693 6206 19253
3694 7375 18969
3695 7299 19011
3696 7183 19083
3697 7103 19169
3698 6722 19330
3699 6492 19405
3700 6540 21233
3701 6938 21976
3702 6850 21847
3703 10379 21301
3704 10320 21290
3705 9775 21349
3706 9088 21419
3707 8581 21772
3708 7403 23221
3709 7392 23103
3710 7167 21165
3711 5339 20361
3712 5350 20077
3713 6193 24990
3714 6765 24163
3715 6892 24093
3716 8247 23884
3717 8461 23895
3718 10064 20043
3719 7682 17976
3720 8216 18354
3721 8392 18452
3722 8483 18500
3723 5524 22095
3724 5270 22374
3725 4999 22496
3726 4686 22606
3727 4401 22741
3728 3540 23114
3729 2406 23427
3730 1771 23689
3731 1314 23698
3732 5597 22487
3733 5629 22727
3734 5693 23250
3735 5731 23419
3736 5880 24126
3737 6051 24596
3738 6466 24357
3739 6199 23431
3740 8997 22022
3741 9094 21812
3742 8987 21716
3743 8960 21716
3744 8939 21727
3745 8816 21807
3746 8821 21940
3747 8757 22051
3748 6610 21129
3749 9895 20107
3750 9857 20118
3751 9773 20134
3752 9654 20139
3753 9563 20187
3754 6681 21451
3755 9523 21518
3756 9518 21362
3757 4111 19667
3758 4143 19646
3759 4127 19619
3760 4095 19635
3761 4186 19811
3762 8433 20061
3763 8262 20039
3764 5165 19742
3765 5143 19723
3766 5111 19744
3767 5127 19765
3768 5361 19626
3769 8618 19155
3770 8602 19208
3771 8576 19331
3772 8576 19454
3773 8598 19582
3774 6366 19200
3775 6318 19110
3776 6292 18774
3777 7758 20920
3778 7732 20878
3779 7721 20840
3780 7710 20755
3781 7636 20290
3782 7646 20142
3783 4791 19244
3784 4791 19228
3785 4791 19206
3786 4791 19260
3787 4802 19585
3788 4807 19612
3789 4828 19655
3790 3617 20473
3791 3354 20608
3792 3083 20701
3793 2914 20752
3794 2237 20989
3795 1986 21102
3796 1655 21288
3797 1384 21458
3798 978 21754
3799 478 22109
3800 3670 20230
3801 3803 20209
3802 3851 20308
3803 8624 20819
3804 8415 20760
3805 3610 20114
3806 3524 19989
3807 3310 20041
3808 3822 21732
3809 3763 21355
3810 9097 22068
3811 8957 22004
3812 8893 22138
3813 8645 21977
3814 7991 22523
3815 7948 22595
3816 7932 22606
3817 7899 22585
3818 7948 22494
3819 6543 22242
3820 6516 22306
3821 6441 22360
3822 6181 22478
3823 6152 22515
3824 8159 19983
3825 8175 19579
3826 8161 19951
3827 8121 19951
3828 7987 19924
3829 7868 19924
3830 2420 21270
3831 2411 21152
3832 2989 21007
3833 3321 20916
3834 3476 20862
3835 3632 20793
3836 6137 19837
3837 9699 20442
3838 9511 20088
3839 6517 19490
3840 6409 19533
3841 6296 19560
3842 6136 19581
3843 5044 20045
3844 4926 19855
3845 4845 19704
3846 7427 20682
3847 7320 20526
3848 10105 21875
3849 10228 21816
3850 10405 21795
3851 10389 21253
3852 10371 21227
3853 6791 20509
3854 6775 20471
3855 6802 20460
3856 6818 20482
3857 6627 20675
3858 6502 22603
3859 7694 22538
3860 5651 20112
3861 5657 20058
3862 5651 20015
3863 5619 19903
3864 5598 19779
3865 5587 19249
3866 4210 19515
3867 4214 19488
3868 4466 19965
3869 5003 19333
3870 4992 19349
3871 4795 19354
3872 10298 22445
3873 9831 22461
3874 9831 22258
3875 6425 19181
3876 6522 19508
3877 6511 20279
3878 6506 20332
3879 6522 20428
3880 6607 20637
3881 6725 20869
3882 3950 19726
3883 4036 19887
3884 4340 19742
3885 7392 20152
3886 6947 19551
3887 6893 19433
3888 6856 19299
3889 7882 19753
3890 7855 20096
3891 7548 20093
3892 6675 18756
3893 6993 18327
3894 9944 20062
3895 9842 19614
3896 7250 19960
3897 7460 19762
3898 7406 19654
3899 10391 21541
3900 10160 21552
3901 10074 21316
3902 5058 22845
3903 5122 25043
3904 7715 20794
3905 7613 20816
3906 7533 20848
3907 7458 20885
3908 7096 21073
3909 5287 19018
3910 5480 19201
3911 5517 19259
3912 281 25204
3913 340 25070
3914 292 23757
3915 576 20989
3916 4191 20428
3917 4556 20176
3918 4663 20106
3919 4756 20069
3920 4826 20047
3921 4986 20042
3922 6266 20192
3923 6777 20316
3924 7099 20155
3925 7383 20139
3926 7421 20161
3927 10335 21986
3928 10480 22008
3929 10496 21933
3930 10534 21858
3931 10598 21750
3932 10625 21659
3933 10630 21407
3934 10609 21362
3935 4440 19560
3936 4290 19656
3937 7601 23589
3938 7601 23530
3939 7622 23476
3940 7596 23224
3941 7580 23112
3942 7553 23031
3943 8818 23224
3944 8861 23235
3945 8574 23165
3946 10793 21309
3947 10492 21395
3948 10380 21395
3949 4399 20264
3950 4286 20060
3951 5754 23526
3952 7051 23257
3953 8193 18347
3954 8123 18614
3955 8042 18995
3956 8455 24209
3957 8493 24161
3958 8750 24016
3959 8798 24011
3960 8847 23995
3961 8857 23973
3962 8857 23946
3963 8809 23855
3964 8777 23791
3965 8745 23785
3966 8616 23743
3967 8520 23710
3968 8557 23364
3969 8605 22797
3970 8654 22251
3971 8654 22068
3972 8493 21488
3973 8455 21316
3974 8418 21043
3975 8412 20773
3976 8471 20473
3977 8841 19915
3978 8857 19846
3979 7227 19498
3980 7099 19375
3981 7002 19235
3982 7508 21265
3983 7535 21238
3984 7487 21108
3985 9821 20397
3986 9687 19656
3987 7774 23313
3988 7613 23313
3989 8051 23835
3990 4500 19677
3991 4358 19773
3992 8221 22400
3993 8205 22384
3994 8221 22357
3995 8248 22384
3996 8430 22405
3997 8206 19139
3998 8216 19182
3999 8205 19150
4000 8210 19068
4001 7019 20974
4002 6886 21087
4003 7669 20502
4004 7363 20754
4005 7052 20894
4006 6990 20936
4007 8802 19982
4008 8604 19929
4009 8416 19907
4010 8164 19875
4011 8319 23879
4012 8335 23622
4013 8368 23574
4014 8384 23429
4015 8411 23408
4016 8411 23365
4017 10133 20730
4018 10123 20526
4019 6866 20774
4020 7208 21219
4021 7556 21079
4022 8001 20731
4023 8044 20726
4024 8119 20752
4025 8178 20774
4026 8264 20779
4027 8344 20774
4028 7855 19553
4029 8055 19564
4030 8405 19607
4031 8600 19650
4032 8843 19730
4033 9456 19714
4034 9972 19580
4035 10198 19543
4036 10358 19559
4037 7740 18076
4038 7462 18456
4039 4365 19457
4040 4219 19532
4041 6897 21303
4042 6736 21088
4043 9202 20672
4044 6427 21340
4045 6438 21356
4046 6556 21265
4047 7681 20575
4048 7882 20506
4049 7887 20361
4050 7651 20388
4051 9336 21965
4052 9320 21996
4053 9325 21985
4054 9314 21958
4055 9401 21985
4056 9519 22055
4057 6798 22071
4058 6832 20005
4059 5271 19907
4060 5238 19868
4061 5211 19890
4062 5222 19882
4063 6614 18133
4064 6636 18104
4065 6624 18120
4066 6652 18163
4067 6747 18244
4068 7519 20580
4069 7444 20472
4070 6552 19990
4071 6427 19963
4072 6298 19958
4073 6163 19979
4074 6077 20001
4075 6071 20163
4076 8944 18735
4077 8825 18665
4078 8658 18670
4079 9867 20530
4080 10366 20524
4081 8383 18949
4082 8088 18776
4083 3048 21413
4084 2931 21479
4085 2411 21657
4086 2004 21787
4087 1373 22089
4088 1276 22154
4089 413 22839
4090 1994 22598
4091 2096 22576
4092 2967 22454
4093 3751 22341
4094 4345 22249
4095 4469 22228
4096 5089 22012
4097 5111 21985
4098 5487 21817
4099 5627 21958
4100 5735 21994
4101 5699 21614
4102 5909 21571
4103 5427 20085
4104 5384 19900
4105 5373 19679
4106 5255 19436
4107 6785 21927
4108 6712 21862
4109 6534 21555
4110 9313 19933
4111 9334 19965
4112 9307 19922
4113 9286 19713
4114 4560 19429
4115 4560 19489
4116 4593 19489
4117 4604 19478
4118 4799 19472
4119 7902 20490
4120 7951 20523
4121 7946 20409
4122 7892 20415
4123 9381 21362
4124 9359 21222
4125 9251 21082
4126 9370 20925
4127 8048 22938
4128 7870 23154
4129 6598 17936
4130 7158 18438
4131 7212 18525
4132 7239 18595
4133 7267 18692
4134 7865 19556
4135 10370 20956
4136 10214 20961
4137 10117 21312
4138 5933 21834
4139 5987 21904
4140 6030 22001
4141 6078 22217
4142 9525 21226
4143 9557 21204
4144 9665 21204
4145 853 21001
4146 1821 21195
4147 3010 21435
4148 3997 21336
4149 4818 21244
4150 5470 21222
4151 5638 21211
4152 5703 21195
4153 5843 21157
4154 6050 21093
4155 6600 20925
4156 6814 20791
4157 6965 20623
4158 7057 20530
4159 7267 20379
4160 7363 20298
4161 7401 20260
4162 7465 20158
4163 7611 19958
4164 7778 19721
4165 7881 19607
4166 7935 19575
4167 5805 19562
4168 5773 19562
4169 5789 19600
4170 5827 19600
4171 5817 19584
4172 5876 19578
4173 6998 20165
4174 6933 19976
4175 6927 19906
4176 6917 19814
4177 6895 19792
4178 6857 19792
4179 6695 19814
4180 6561 19857
4181 9103 19976
4182 9105 19987
4183 9095 20008
4184 9100 19997
4185 9079 19717
4186 6444 21620
4187 6190 21242
4188 8399 22799
4189 8437 22308
4190 8420 22044
4191 8393 21898
4192 8318 21624
4193 7870 20664
4194 7875 20629
4195 7913 20640
4196 7827 20688
4197 7702 20704
4198 8370 19113
4199 8154 19053
4200 8035 19080
4201 9555 19690
4202 9501 19560
4203 9480 19528
4204 9431 19501
4205 9399 19501
4206 9195 19507
4207 7136 18825
4208 6300 18701
4209 10413 22285
4210 10392 22382
4211 10268 22362
4212 9951 21106
4213 9903 21111
4214 9843 21102
4215 9924 21109
4216 9994 21096
4217 10086 21080
4218 10172 21086
4219 9134 21407
4220 9086 21316
4221 8924 21068
4222 8897 20922
4223 8881 20895
4224 8498 20393
4225 7429 18924
4226 7489 18875
4227 7624 18719
4228 7764 18525
4229 7980 18219
4230 5920 20141
4231 5926 20012
4232 5877 19607
4233 5872 19289
4234 9462 20370
4235 9349 20181
4236 8197 22936
4237 8214 22939
4238 8230 22942
4239 8316 22990
4240 8706 18979
4241 8759 19116
4242 8796 19222
4243 8852 19410
4244 8893 19656
4245 8888 19628
4246 8882 19603
4247 6776 19622
4248 6698 19609
4249 6655 19609
4250 6546 19637
4251 6844 21341
4252 6909 21450
4253 6959 21503
4254 7139 21381
4255 7121 21316
4256 7077 21216
4257 9208 19289
4258 9193 19307
4259 9196 19712
4260 6560 19800
4261 6398 19803
4262 6215 19825
4263 5913 19869
4264 7264 21205
4265 7304 21283
4266 7326 21345
4267 7317 21395
4268 7276 21473
4269 7216 21538
4270 7120 21594
4271 7057 21641
4272 7001 21685
4273 6861 21834
4274 6740 21983
4275 6671 22039
4276 6488 22157
4277 7831 23589
4278 7750 23567
4279 7763 23514
4280 7844 23536
4281 7800 23723
4282 7822 23797
4283 5120 20412
4284 7609 23844
4285 7594 23794
4286 7600 23682
4287 9052 20351
4288 9025 20326
4289 8998 20262
4290 8940 20123
4291 8902 20123
4292 8795 20219
4293 8773 20257
4294 8720 20348
4295 5247 22385
4296 5256 22770
4297 4957 22882
4298 4720 22982
4299 4496 23044
4300 3226 23616
4301 9261 21685
4302 9286 21591
4303 9279 21548
4304 9273 21504
4305 9248 21392
4306 7987 20054
4307 7972 20064
4308 7857 20064
4309 7510 19497
4310 7744 19389
4311 7897 20924
4312 7867 20950
4313 7882 20971
4314 7918 20950
4315 7846 20851
4316 9072 19147
4317 9010 19178
4318 8958 19251
4319 9046 19373
4320 9060 19347
4321 8987 19487
4322 8858 19492
4323 9622 20025
4324 9585 20045
4325 8991 20385
4326 8691 20638
4327 7525 24530
4328 7453 24355
4329 6715 21431
4330 6818 21586
4331 6808 21602
4332 10359 19845
4333 10025 19851
4334 7207 20606
4335 7236 20590
4336 7256 20616
4337 7230 20637
4338 7122 20487
4339 8875 18890
4340 8901 18889
4341 8911 18889
4342 8679 18894
4343 6396 20806
4344 6391 20795
4345 6386 20780
4346 6458 20971
4347 8187 23308
4348 7836 23138
4349 7774 23070
4350 7686 22972
4351 7675 22926
4352 7670 22740
4353 7680 22572
4354 7701 22521
4355 7717 22495
4356 8017 22191
4357 8046 22126
4358 8098 21981
4359 8273 21671
4360 8321 21635
4361 8467 21508
4362 6831 18153
4363 6655 18344
4364 9710 21071
4365 9746 21066
4366 9724 21092
4367 9735 21107
4368 9735 21159
4369 9710 21216
4370 9710 21353
4371 11537 21247
4372 11418 21417
4373 11121 21848
4374 11018 21993
4375 10863 22174
4376 10677 22386
4377 10111 22977
4378 10042 23062
4379 10027 23114
4380 10006 23176
4381 9975 23222
4382 9835 23493
4383 9716 23586
4384 9551 23772
4385 9282 24063
4386 9168 24151
4387 9149 24156
4388 9092 24172
4389 8627 24353
4390 8436 24353
4391 13379 4959
4392 13265 4854
4393 13192 4781
4394 12877 4507
4395 12826 4484
4396 12856 5003
4397 12931 4553
4398 13982 8255
4399 13901 8271
4400 13722 8263
4401 13444 8248
4402 14025 9270
4403 13766 9282
4404 14075 9555
4405 14174 9354
4406 15601 10008
4407 15462 9926
4408 15178 9862
4409 14850 9778
4410 14707 9642
4411 14286 9419
4412 13579 7001
4413 13662 6980
4414 13615 6832
4415 14015 10186
4416 13989 10172
4417 14853 8561
4418 14863 6359
4419 14698 6141
4420 14294 6110
4421 13553 5074
4422 13461 5489
4423 13474 7191
4424 13579 7624
4425 14038 8438
4426 14065 8701
4427 14051 9055
4428 13986 9602
4429 13868 10359
4430 16044 8756
4431 16054 8642
4432 16049 8605
4433 15951 8317
4434 15851 5944
4435 15996 6011
4436 15684 6409
4437 16130 8191
4438 16260 8497
4439 16270 8533
4440 16254 8719
4441 16244 8745
4442 16208 8771
4443 16156 8771
4444 15841 8730
4445 15784 8432
4446 16132 9350
4447 15801 9443
4448 15734 9479
4449 15646 9593
4450 15465 9562
4451 15346 9764
4452 15160 9857
4453 15831 8104
4454 15825 8088
4455 15816 8062
4456 15811 8047
4457 15915 8343
4458 15210 8132
4459 15055 7969
4460 14749 7379
4461 15223 8986
4462 15653 8595
4463 15458 8549
4464 15380 8543
4465 14798 8864
4466 14736 8895
4467 14570 9014
4468 14487 8983
4469 15548 8445
4470 15417 8409
4471 13425 6777
4472 14434 7066
4473 14560 7404
4474 15041 7342
4475 15258 7316
4476 15935 7187
4477 15683 7771
4478 15527 7756
4479 15429 6540
4480 15072 6344
4481 13389 6463
4482 12991 5748
4483 12960 5773
4484 12934 5763
4485 12944 5766
4486 13394 5841
4487 14913 8749
4488 14882 8883
4489 16494 7475
4490 16489 7537
4491 16282 7630
4492 16184 7635
4493 15674 7837
4494 14772 9503
4495 14818 9441
4496 17142 8600
4497 16461 8183
4498 16327 8152
4499 15949 7729
4500 15099 9226
4501 15015 9164
4502 14922 9133
4503 14865 9143
4504 14824 9128
4505 14772 9117
4506 14746 9123
4507 14699 9159
4508 14627 9231
4509 14575 9309
4510 14555 9314
4511 14534 9314
4512 14503 9298
4513 14431 9216
4514 14348 9128
4515 14193 9366
4516 14663 10196
4517 13932 9948
4518 16196 8145
4519 15798 8424
4520 15647 8455
4521 15609 8000
4522 15412 8421
4523 15307 8823
4524 15084 9256
4525 14861 9780
4526 14480 10608
4527 15635 8021
4528 15651 7949
4529 15598 7990
4530 15349 8057
4531 15292 8078
4532 15241 8114
4533 14982 8264
4534 14889 8308
4535 14656 8326
4536 14532 8378
4537 14408 8466
4538 15098 8773
4539 15046 8917
4540 15165 8464
4541 14958 8366
4542 14870 8310
4543 14694 7683
4544 14768 8008
4545 14768 8035
4546 14768 8109
4547 14768 8174
4548 14786 8211
4549 14824 8221
4550 14851 8221
4551 14953 8193
4552 15027 8156
4553 15120 8091
4554 15175 8153
4555 16090 9159
4556 15657 8699
4557 15644 8383
4558 15681 7801
4559 15694 7590
4560 15607 7318
4561 15533 7119
4562 15545 6810
4563 15681 6426
4564 15731 6063
4565 15818 5468
4566 15855 4973
4567 16110 5707
4568 16155 5554
4569 16195 5475
4570 16201 5345
4571 16218 5214
4572 16246 5056
4573 15595 8703
4574 15354 8641
4575 15686 8743
4576 15652 8782
4577 15584 8771
4578 15339 8698
4579 15705 6260
4580 15655 6243
4581 15698 5598
4582 15460 5412
4583 15223 5446
4584 15147 5675
4585 15011 5683
4586 14265 5564
4587 14036 10426
4588 14099 10231
4589 14337 10320
4590 14260 10517
4591 14541 8062
4592 14515 7821
4593 14272 7909
4594 14298 8162
4595 14760 7971
4596 13391 7632
4597 13577 7613
4598 13673 8261
4599 13673 8305
4600 13702 8319
4601 13794 8329
4602 13808 8353
4603 13804 8402
4604 13779 8508
4605 13770 8629
4606 13779 8774
4607 13668 9266
4608 13644 9290
4609 13542 10121
4610 13518 10161
4611 13767 10103
4612 13752 10118
4613 13733 10283
4614 13852 9985
4615 13571 9845
4616 15746 16534
4617 15683 16407
4618 15325 16299
4619 16009 14364
4620 15936 14291
4621 15782 14101
4622 14808 14107
4623 14919 13926
4624 15079 17475
4625 14984 17545
4626 14877 17601
4627 14757 17658
4628 14612 17715
4629 14543 17765
4630 14517 17803
4631 14517 17860
4632 14524 18051
4633 15567 17813
4634 15114 17898
4635 14633 18037
4636 14247 18086
4637 12799 16807
4638 12698 16781
4639 12593 16832
4640 13790 16341
4641 16502 16428
4642 15843 15981
4643 15703 15993
4644 15738 15981
4645 15754 15996
4646 15738 16016
4647 15649 15955
4648 15829 15799
4649 15558 14636
4650 15768 14636
4651 16343 14554
4652 16386 14534
4653 16401 14579
4654 16361 14599
4655 16336 14534
4656 15563 17613
4657 15604 17214
4658 15609 17105
4659 15535 16938
4660 15479 16790
4661 15313 16277
4662 15126 16070
4663 15010 15974
4664 14702 15755
4665 17055 13727
4666 16999 13797
4667 16964 13846
4668 16936 13896
4669 16893 13966
4670 16893 14051
4671 16886 14128
4672 16879 14205
4673 16839 14350
4674 16775 14571
4675 16745 14619
4676 16275 14872
4677 16139 14887
4678 16073 14892
4679 15902 14968
4680 13433 14783
4681 13448 14811
4682 13499 14801
4683 13488 14771
4684 13338 14806
4685 13749 16113
4686 13770 16243
4687 13517 16278
4688 15423 16613
4689 15144 16659
4690 14902 16568
4691 14412 16346
4692 14382 16320
4693 14337 16225
4694 15301 14683
4695 15338 14335
4696 12995 16785
4697 12879 16750
4698 12839 16714
4699 12748 16546
4700 13242 16569
4701 13272 16650
4702 13282 16741
4703 13262 16822
4704 13494 16872
4705 13737 17024
4706 14080 17216
4707 14417 15953
4708 14366 15437
4709 14366 15322
4710 15452 15594
4711 15396 15614
4712 15299 15614
4713 15229 15624
4714 15159 15639
4715 15375 16462
4716 15239 16472
4717 15133 16462
4718 15017 16432
4719 14836 16346
4720 14709 16275
4721 14869 14668
4722 14854 14865
4723 13925 14655
4724 13252 14670
4725 13222 14685
4726 14024 13970
4727 14004 13930
4728 13134 14500
4729 13933 14470
4730 15397 16531
4731 15547 16343
4732 15573 16356
4733 15643 16310
4734 15724 16209
4735 15744 16134
4736 15951 15811
4737 16042 15649
4738 15871 15548
4739 15795 15483
4740 15729 15422
4741 15690 15422
4742 15489 16317
4743 15529 16151
4744 15579 16095
4745 15635 15984
4746 15696 15848
4747 15731 15752
4748 15736 15716
4749 15721 15605
4750 15701 15422
4751 15665 15378
4752 15615 15302
4753 15559 15257
4754 15494 15194
4755 15243 15373
4756 15283 15408
4757 15308 15528
4758 15308 15568
4759 15288 15674
4760 15238 15811
4761 15182 15917
4762 15081 16032
4763 16869 14239
4764 17030 14295
4765 17081 14335
4766 17106 14522
4767 17146 14517
4768 17207 14688
4769 17227 14714
4770 17262 14729
4771 17328 14734
4772 17394 14724
4773 17414 14719
4774 17565 14739
4775 17606 14678
4776 17641 14643
4777 15361 15394
4778 15386 15390
4779 15265 15393
4780 15468 15020
4781 14346 13817
4782 14386 13783
4783 14225 13896
4784 14164 13941
4785 14134 14022
4786 14139 14093
4787 14149 14158
4788 14676 15688
4789 14656 15642
4790 15803 14966
4791 15768 14747
4792 15768 14576
4793 15798 14384
4794 15844 14192
4795 13602 14482
4796 13622 13953
4797 13592 13921
4798 14544 14927
4799 14080 14953
4800 12682 17022
4801 14067 16065
4802 14556 15856
4803 14506 15778
4804 14450 15419
4805 14455 15334
4806 13942 14344
4807 13922 14625
4808 13927 14681
4809 13917 14923
4810 13917 15295
4811 14290 15312
4812 13967 15292
4813 16592 14711
4814 16446 15446
4815 16300 15366
4816 16083 15482
4817 15982 15613
4818 12094 16784
4819 12299 16664
4820 12753 16556
4821 13087 16349
4822 13378 16200
4823 13601 16136
4824 14395 15968
4825 14715 15764
4826 15072 15498
4827 15426 15241
4828 15733 15033
4829 15863 14909
4830 15937 14751
4831 16070 14420
4832 16212 14068
4833 15243 16200
4834 15170 16235
4835 15080 16235
4836 14928 16215
4837 14832 16210
4838 14676 16104
4839 14656 16099
4840 14514 16150
4841 14433 16175
4842 14324 16185
4843 16365 14837
4844 16305 14696
4845 16239 14585
4846 16143 14464
4847 16081 14393
4848 16968 15956
4849 16927 15946
4850 16823 16017
4851 16492 16421
4852 16379 16522
4853 16303 16542
4854 16152 16648
4855 15965 16718
4856 15808 16880
4857 15697 16981
4858 15586 17057
4859 14168 14949
4860 14173 15073
4861 14168 15181
4862 14173 15304
4863 14198 15519
4864 14238 15781
4865 14279 16034
4866 14580 16422
4867 14489 16606
4868 14408 16570
4869 14358 16505
4870 14940 15596
4871 14869 15383
4872 15435 15235
4873 15363 15085
4874 15345 15040
4875 15327 14913
4876 15304 14660
4877 15000 14442
4878 14910 14361
4879 14819 14125
4880 14792 14080
4881 14466 13863
4882 14348 13745
4883 14176 13564
4884 14030 13410
4885 14757 16503
4886 14696 16619
4887 14625 16589
4888 14595 16634
4889 14963 15347
4890 14782 15398
4891 14691 15377
4892 14590 15352
4893 11620 14455
4894 11645 14439
4895 10627 13762
4896 10616 13709
4897 10572 13720
4898 9567 15575
4899 7637 14770
4900 7654 14684
4901 7692 14635
4902 7740 14604
4903 7812 14589
4904 7838 14555
4905 8488 15077
4906 8445 15132
4907 8362 13781
4908 8508 13680
4909 9478 12916
4910 9365 12979
4911 8631 13076
4912 8454 13185
4913 8816 12880
4914 8713 12705
4915 10865 11395
4916 11642 11083
4917 8718 12523
4918 8675 12477
4919 7997 12012
4920 7735 11542
4921 7723 11514
4922 7746 11525
4923 7692 11612
4924 10408 10125
4925 10480 10119
4926 10508 10255
4927 10172 10028
4928 10291 10020
4929 10178 9848
4930 10283 9839
4931 9841 10284
4932 10028 15851
4933 10068 15943
4934 10183 16248
4935 11136 16722
4936 11228 16837
4937 11291 16854
4938 10606 14595
4939 10583 14368
4940 11081 16715
4941 10661 16449
4942 10638 16420
4943 10621 16380
4944 10610 16345
4945 10604 16257
4946 8315 13251
4947 7775 12346
4948 8682 14041
4949 8631 13788
4950 8596 13777
4951 8585 13777
4952 8516 13806
4953 10618 14255
4954 10652 14131
4955 10652 13983
4956 7520 12842
4957 12876 16471
4958 11401 11072
4959 11360 11068
4960 11505 11079
4961 11512 10996
4962 11505 10961
4963 11488 10913
4964 11463 10864
4965 11411 10788
4966 11321 10661
4967 9398 9915
4968 11704 14103
4969 10944 16043
4970 10650 15130
4971 10431 14875
4972 10247 14642
4973 12854 13378
4974 12803 13484
4975 12645 13391
4976 11046 15298
4977 10382 11859
4978 10372 11906
4979 10396 11882
4980 10321 11752
4981 10270 11762
4982 10187 11845
4983 10139 11868
4984 11215 15107
4985 8839 14336
4986 8360 14392
4987 7789 14514
4988 8658 13646
4989 8630 13653
4990 8562 11641
4991 8405 11734
4992 8368 11785
4993 8219 11868
4994 8479 12315
4995 8259 12449
4996 9644 11089
4997 9502 11178
4998 9525 11261
4999 9836 11388
5000 9463 11616
5001 8352 13095
5002 8255 13151
5003 8249 13142
5004 7243 13746
5005 10258 14607
5006 10025 15375
5007 7731 12181
5008 7578 11995
5009 10879 11591
5010 10833 11545
5011 10786 11470
5012 10730 11391
5013 10684 11345
5014 10637 11391
5015 10024 12071
5016 10018 12062
5017 10008 12043
5018 10162 12317
5019 9116 10169
5020 9037 10100
5021 12975 13445
5022 12413 15422
5023 12273 15990
5024 12236 16255
5025 12250 16286
5026 12560 15985
5027 9895 12431
5028 9928 12479
5029 9919 12953
5030 10767 15048
5031 10740 15006
5032 10707 14927
5033 10670 14592
5034 8386 12660
5035 11355 16641
5036 11262 16468
5037 12535 16154
5038 12633 15471
5039 10475 15616
5040 10391 15981
5041 10359 16072
5042 9935 12403
5043 9852 12463
5044 10673 13577
5045 10766 13572
5046 10808 13522
5047 10701 13426
5048 11571 12606
5049 11400 12284
5050 10642 9050
5051 10614 9356
5052 10930 10629
5053 11627 11915
5054 12203 12993
5055 12241 13049
5056 12296 13086
5057 12650 13262
5058 12603 13318
5059 12754 13885
5060 12608 16620
5061 11052 10854
5062 10986 13767
5063 11305 13558
5064 11435 13498
5065 11496 13479
5066 11547 13475
5067 11598 13475
5068 11691 13479
5069 11863 13489
5070 11978 13489
5071 12053 13470
5072 12109 13447
5073 12244 13321
5074 12300 13358
5075 12374 13410
5076 12430 13477
5077 10569 16260
5078 10546 15908
5079 10555 15820
5080 10565 15736
5081 10583 15675
5082 10205 14609
5083 10210 14567
5084 10210 14534
5085 10145 14172
5086 10149 14130
5087 10168 14069
5088 12165 13411
5089 12230 13499
5090 12295 13448
5091 12286 13455
5092 12422 15799
5093 12389 15953
5094 12413 15967
5095 12371 16226
5096 7420 11736
5097 7665 11911
5098 10883 11162
5099 10890 11122
5100 10889 11133
5101 10976 11333
5102 11047 11395
5103 10814 14337
5104 10831 14244
5105 10814 14101
5106 10780 13902
5107 10723 13816
5108 10654 13765
5109 10563 13776
5110 10432 13896
5111 10386 13959
5112 10329 14136
5113 11843 15606
5114 11843 15548
5115 11809 15440
5116 11695 14717
5117 7863 11772
5118 7977 11979
5119 8393 12673
5120 9181 13985
5121 9283 14156
5122 9420 14236
5123 9563 14339
5124 9648 14459
5125 12841 13161
5126 12899 12917
5127 11981 15503
5128 11897 14961
5129 11946 13489
5130 11946 13419
5131 11934 13373
5132 11866 13091
5133 9069 12498
5134 8488 12835
5135 10177 14029
5136 10120 13727
5137 12087 13768
5138 12492 13426
5139 9943 11008
5140 9679 11145
5141 9485 10803
5142 9291 10506
5143 9240 10454
5144 8947 10209
5145 12022 13264
5146 12066 13281
5147 12144 13314
5148 12204 13364
5149 9075 10220
5150 8991 10154
5151 10973 14770
5152 10879 14764
5153 10689 14775
5154 10470 14803
5155 10408 14847
5156 10421 15235
5157 10404 15156
5158 10382 15096
5159 10338 15046
5160 10260 15002
5161 10149 14963
5162 11730 16535
5163 11702 16518
5164 11669 16452
5165 11619 16424
5166 11602 16424
5167 11508 16441
5168 11415 16452
5169 11348 16308
5170 11288 16071
5171 8954 12305
5172 8561 12548
5173 8512 12471
5174 11453 10266
5175 11536 10513
5176 11072 14442
5177 9988 13995
5178 9866 14006
5179 9806 14061
5180 9690 14161
5181 9629 14277
5182 9590 14376
5183 12242 15383
5184 11763 16330
5185 8933 13579
5186 9176 13419
5187 11661 11265
5188 11645 11254
5189 11341 11238
5190 11276 11265
5191 8134 10940
5192 8410 11383
5193 9029 12434
5194 11619 16152
5195 11547 16163
5196 11405 16180
5197 12514 16662
5198 12480 16590
5199 12464 16579
5200 12348 16535
5201 12061 16380
5202 11479 10553
5203 11667 10827
5204 11683 10861
5205 11667 10905
5206 11672 10965
5207 11332 15629
5208 11310 15604
5209 11277 15598
5210 11127 15548
5211 11011 15482
5212 10907 15410
5213 10862 15337
5214 9841 14621
5215 8696 13196
5216 7399 13989
5217 10767 15357
5218 8933 12577
5219 8994 12670
5220 9325 9964
5221 9259 9879
5222 10323 15256
5223 10251 15245
5224 10080 15189
5225 9471 9865
5226 9283 9992
5227 9139 10141
5228 9029 10277
5229 11745 16487
5230 11829 16487
5231 11890 16465
5232 12022 16399
5233 12646 16106
5234 13099 15996
5235 13209 15996
5236 13215 16178
5237 13265 16258
5238 9507 11689
5239 9023 11976
5240 8985 11992
5241 8811 12064
5242 13170 15756
5243 12607 15657
5244 9410 16286
5245 8598 16032
5246 12415 14998
5247 11196 15913
5248 11113 15739
5249 9607 12897
5250 9596 12905
5251 9579 12916
5252 9703 12834
5253 12061 15835
5254 12147 15846
5255 12081 16370
5256 11742 16253
5257 11637 16275
5258 11427 16286
5259 11394 16124
5260 11289 12508
5261 11465 12408
5262 13138 16323
5263 12977 16014
5264 9167 10111
5265 9088 10040
5266 9859 10824
5267 9881 10776
5268 9869 10803
5269 9571 10975
5270 11913 15600
5271 11891 15477
5272 11820 15488
5273 9712 13072
5274 9668 13060
5275 9679 13063
5276 9808 13016
5277 11896 15747
5278 11513 15775
5279 9176 11647
5280 9022 11389
5281 8878 11148
5282 7994 12479
5283 8011 12468
5284 8022 12462
5285 7889 12539
5286 11518 16564
5287 11319 16658
5288 11156 16746
5289 7183 13654
5290 7674 14418
5291 8370 14998
5292 8320 15263
5293 11434 16462
5294 11415 16498
5295 11464 16589
5296 11391 16401
5297 11069 16561
5298 8822 15733
5299 9103 15750
5300 9175 15711
5301 9231 15689
5302 9407 15695
5303 9788 15706
5304 9910 15668
5305 8413 13896
5306 8369 13819
5307 8413 13792
5308 8336 13609
5309 8248 13470
5310 10090 16000
5311 9654 16116
5312 9610 16083
5313 9599 16022
5314 10048 13105
5315 10037 13182
5316 10042 13282
5317 10064 13337
5318 10098 13370
5319 10020 13447
5320 7143 11975
5321 7422 12174
5322 7618 12339
5323 8146 13917
5324 7576 14265
5325 11657 16054
5326 10988 16230
5327 9280 11588
5328 8898 11809
5329 7868 11253
5330 8089 11636
5331 10808 16542
5332 10736 16247
5333 10720 15749
5334 9599 12644
5335 9858 13103
5336 9547 13285
5337 9816 14450
5338 9810 14634
5339 6940 12175
5340 7289 12326
5341 9571 13670
5342 9387 13513
5343 9209 13206
5344 12307 15754
5345 12104 15728
5346 12121 13865
5347 11770 13880
5348 11707 13901
5349 11629 13938
5350 9273 12075
5351 9496 11949
5352 11124 12773
5353 11686 12185
5354 9221 10056
5355 9137 9983
5356 10796 13966
5357 10685 13992
5358 10607 13971
5359 10481 13852
5360 11929 12479
5361 11236 12726
5362 8872 12166
5363 8600 12323
5364 11504 14673
5365 11520 14438
5366 11457 14228
5367 11315 13916
5368 11158 13662
5369 9828 12505
5370 8983 11081
5371 7289 11865
5372 7545 12033
5373 9007 13005
5374 8797 12657
5375 11416 15588
5376 10899 15845
5377 9426 13083
5378 8838 13424
5379 9973 16345
5380 9910 16048
5381 11324 16219
5382 11009 16319
5383 8700 11466
5384 8768 11435
5385 8810 11440
5386 8878 11545
5387 8878 11576
5388 8797 11634
5389 9786 14643
5390 9796 14690
5391 9791 14748
5392 9718 15007
5393 9644 15180
5394 9639 15248
5395 9649 15322
5396 9691 15453
5397 9723 15511
5398 9770 15558
5399 10666 15180
5400 10792 15154
5401 10829 15343
5402 10713 15369
5403 11551 13789
5404 11021 14078
5405 11235 11190
5406 11137 11289
5407 10244 12267
5408 10087 12362
5409 9989 12493
5410 9007 15985
5411 9023 15838
5412 9070 15759
5413 10554 16113
5414 10486 16118
5415 10423 16107
5416 10376 16086
5417 10318 16039
5418 10218 15882
5419 10097 15603
5420 8610 11318
5421 9767 16359
5422 8664 13474
5423 8622 13448
5424 8580 13474
5425 8486 13324
5426 10699 15373
5427 10605 15399
5428 10327 15504
5429 9916 15677
5430 8314 14402
5431 8236 14066
5432 7973 13639
5433 12045 15875
5434 11881 15822
5435 12045 15390
5436 12051 15326
5437 12038 15208
5438 12005 15117
5439 11902 14999
5440 11861 14913
5441 11809 14746
5442 11796 14741
5443 11842 14505
5444 11842 14479
5445 11802 14354
5446 11710 14116
5447 11606 13886
5448 11488 13677
5449 11429 13624
5450 11245 13460
5451 11192 13285
5452 11166 13293
5453 11147 13067
5454 7532 11551
5455 7519 11546
5456 7493 11549
5457 7506 11548
5458 7716 11621
5459 11485 15632
5460 11446 15645
5461 8478 14592
5462 8468 14372
5463 11104 16707
5464 10999 16742
5465 10968 11755
5466 11107 11683
5467 11318 11462
5468 11370 11438
5469 6755 12808
5470 6774 12706
5471 7181 12769
5472 8780 14338
5473 8831 15200
5474 10180 15795
5475 10279 15729
5476 10340 15654
5477 10378 15564
5478 12694 13133
5479 12629 12784
5480 12472 13733
5481 12461 13716
5482 12456 13707
5483 12526 13834
5484 11055 13521
5485 10973 13545
5486 12172 14081
5487 10262 12543
5488 10250 12502
5489 10217 12521
5490 10236 12558
5491 10395 12471
5492 12743 13915
5493 12567 13915
5494 10426 11594
5495 10434 11567
5496 10414 11574
5497 10607 11911
5498 10308 12270
5499 10432 12814
5500 10411 12883
5501 10277 12973
5502 10673 10167
5503 12332 9967
5504 8549 11912
5505 8479 11919
5506 8496 11918
5507 8674 11832
5508 9199 9929
5509 9258 10018
5510 8896 14011
5511 9011 13993
5512 8736 14034
5513 8743 14083
5514 8415 14112
5515 8526 14103
5516 6929 13248
5517 6890 13053
5518 7065 12912
5519 7232 12502
5520 7258 12399
5521 7293 12316
5522 7617 11949
5523 7744 11851
5524 7829 11793
5525 8436 11428
5526 9097 11009
5527 12490 14834
5528 12149 14686
5529 12134 14572
5530 9871 13402
5531 9688 13523
5532 8071 12843
5533 7057 13452
5534 9348 9821
5535 9280 9861
5536 8960 10219
5537 8914 10255
5538 8704 10363
5539 10281 9798
5540 10246 9761
5541 10280 9753
5542 10303 10364
5543 9916 11514
5544 9467 10813
5545 10063 10493
5546 10078 10536
5547 10074 10585
5548 10063 10612
5549 10032 10691
5550 10025 11137
5551 10093 11145
5552 10127 11435
5553 10013 11515
5554 10017 11680
5555 10361 12212
5556 9280 12837
5557 9827 13759
5558 9837 13778
5559 9799 13825
5560 9544 14070
5561 9355 14199
5562 10262 16543
5563 10189 16288
5564 10159 14933
5565 10068 14912
5566 9971 14902
5567 10047 14655
5568 10047 14615
5569 9398 12004
5570 9726 12566
5571 10104 13073
5572 10194 13240
5573 9107 14344
5574 9065 14245
5575 6787 12422
5576 7026 12522
5577 7098 12522
5578 7159 12506
5579 7287 12500
5580 7337 12506
5581 7487 12495
5582 7570 12467
5583 8089 12167
5584 7843 12680
5585 7678 12404
5586 10896 12457
5587 11057 12404
5588 7210 14272
5589 7338 14505
5590 7550 14378
5591 7652 14383
5592 10519 12286
5593 10519 12329
5594 10387 12403
5595 9362 10615
5596 9498 10533
5597 9448 10343
5598 9480 10305
5599 9366 10204
5600 9176 10401
5601 9594 15748
5602 9632 15702
5603 9567 15699
5604 9646 15834
5605 9696 15955
5606 9731 16096
5607 9265 12389
5608 9247 12398
5609 9454 12732
5610 8150 13530
5611 8007 13288
5612 8727 10405
5613 8800 10533
5614 8892 10679
5615 9020 10880
5616 9659 11943
5617 10318 13043
5618 10544 13292
5619 10922 13624
5620 10966 13686
5621 10984 13750
5622 11003 13943
5623 11090 14578
5624 11177 14972
5625 11258 15262
5626 11302 15368
5627 11694 16127
5628 11725 16208
5629 11784 16295
5630 11769 16364
5631 11762 16432
5632 11694 16656
5633 11118 10322
5634 11159 10381
5635 11283 10322
5636 11352 10493
5637 11414 10598
5638 9465 15696
5639 9437 15695
5640 9437 15561
5641 9418 15475
5642 12587 14582
5643 12418 14544
5644 11824 14601
5645 3078 16715
5646 2892 16765
5647 2981 16765
5648 3067 16192
5649 5063 18048
5650 5005 18007
5651 5020 17981
5652 5079 18012
5653 4994 18271
5654 4912 18271
5655 4912 18302
5656 4982 18307
5657 4969 18467
5658 4891 18498
5659 4906 18529
5660 4981 18498
5661 5054 18643
5662 4968 18690
5663 4984 18726
5664 5074 18680
5665 3897 19269
5666 2581 19390
5667 2576 19295
5668 4528 18238
5669 4265 18280
5670 2097 19913
5671 2306 19734
5672 2396 19555
5673 2538 18934
5674 2538 18535
5675 3175 17189
5676 3010 17189
5677 3699 19564
5678 3746 19559
5679 3958 19445
5680 3916 19343
5681 3690 19419
5682 3580 19424
5683 5387 17685
5684 4506 18042
5685 4744 18000
5686 4744 17794
5687 6584 17773
5688 6935 17007
5689 6050 17271
5690 5601 17144
5691 5004 16978
5692 7081 17525
5693 7038 17514
5694 2852 19073
5695 2977 19149
5696 2986 19226
5697 2807 19557
5698 2688 19557
5699 5376 17089
5700 5334 17378
5701 5041 18619
5702 5264 18505
5703 5455 18391
5704 5535 18356
5705 5692 18330
5706 5841 18301
5707 5888 18275
5708 5905 18203
5709 5964 17995
5710 6024 17849
5711 5484 18378
5712 5561 18114
5713 5578 17803
5714 3398 18801
5715 2792 18911
5716 3975 18378
5717 3873 18101
5718 3814 18354
5719 3681 18779
5720 3661 18898
5721 3608 19190
5722 3535 19414
5723 6416 17243
5724 6293 17640
5725 5992 17634
5726 3105 17397
5727 3055 17465
5728 3941 18516
5729 3923 18646
5730 7357 17386
5731 7336 17365
5732 6856 17184
5733 6272 16961
5734 5485 16695
5735 5432 16652
5736 5215 16557
5737 6087 16967
5738 6074 17004
5739 6043 17288
5740 2531 18109
5741 2640 18288
5742 2628 18326
5743 2782 18865
5744 2836 19100
5745 3977 16897
5746 3594 17806
5747 3582 17887
5748 5781 18029
5749 5725 18060
5750 5565 18047
5751 3518 16723
5752 3197 16719
5753 3549 17002
5754 4265 18700
5755 4657 18633
5756 4645 18540
5757 3730 17199
5758 3718 17194
5759 3833 17238
5760 5045 18095
5761 5311 18181
5762 5502 18280
5763 4080 18286
5764 3266 19722
5765 3143 18848
5766 5869 17172
5767 5962 16838
5768 4383 17042
5769 4594 17147
5770 4828 17320
5771 3214 19359
5772 3076 19365
5773 3057 19402
5774 5169 18858
5775 4988 18518
5776 4956 18432
5777 4967 18358
5778 4999 18252
5779 5031 18135
5780 3639 16883
5781 3902 17075
5782 4632 17691
5783 4470 17611
5784 4476 17499
5785 4575 17233
5786 4265 18474
5787 4175 18474
5788 4113 18468
5789 4120 18424
5790 4064 18381
5791 4101 18152
5792 6890 17717
5793 6645 17642
5794 4497 15692
5795 4441 16014
5796 4422 16094
5797 4229 16335
5798 4025 16317
5799 3951 16397
5800 3815 16650
5801 3314 17314
5802 3246 17518
5803 3110 17685
5804 3067 17771
5805 3056 16341
5806 3013 16261
5807 2963 16211
5808 2784 19189
5809 2741 19164
5810 2636 19164
5811 2599 19214
5812 2525 19201
5813 4564 17828
5814 4947 17076
5815 5392 16202
5816 5503 15933
5817 5330 18465
5818 5398 18638
5819 2963 18881
5820 2735 19273
5821 2667 19366
5822 2642 19385
5823 2562 19391
5824 2469 19385
5825 4277 18114
5826 4265 18788
5827 4677 18454
5828 4265 18516
5829 3360 17252
5830 4037 16951
5831 3939 17194
5832 4046 17224
5833 3990 17484
5834 3858 17463
5835 3740 17459
5836 6629 17675
5837 6321 17547
5838 4633 16936
5839 4420 16834
5840 4083 18539
5841 4083 18625
5842 4096 18646
5843 4168 18650
5844 4265 18629
5845 4073 16983
5846 3770 16710
5847 2541 17922
5848 2517 17807
5849 2484 17673
5850 2459 17468
5851 2377 16954
5852 2402 16845
5853 2451 16722
5854 2500 16550
5855 2525 16394
5856 2509 16246
5857 2427 15984
5858 3076 17817
5859 3016 17506
5860 2914 17438
5861 2419 17242
5862 2530 18039
5863 3243 17837
5864 3892 17932
5865 4116 17954
5866 4240 17932
5867 4410 17879
5868 4634 17805
5869 5006 17794
5870 5368 17826
5871 5708 17794
5872 5846 17794
5873 5964 17826
5874 6134 17890
5875 6304 17932
5876 6506 17925
5877 6083 17193
5878 6169 17193
5879 6467 17253
5880 6535 17287
5881 6766 17381
5882 3308 17846
5883 3393 17683
5884 3861 16563
5885 3712 16487
5886 3089 16478
5887 4887 17642
5888 4887 17685
5889 4866 17740
5890 4870 17787
5891 5906 17042
5892 5729 16999
5893 5507 16931
5894 5337 16863
5895 3019 16945
5896 3180 16892
5897 2884 16988
5898 2837 17068
5899 2740 17068
5900 2685 17009
5901 2639 16954
5902 5168 17808
5903 5185 17646
5904 3414 19658
5905 3456 19760
5906 3687 17583
5907 3752 17617
5908 3820 17634
5909 3889 17651
5910 3948 17651
5911 3032 17592
5912 2993 17600
5913 2882 17574
5914 2652 17498
5915 6008 17526
5916 5503 17405
5917 5365 17380
5918 5185 17371
5919 5039 17354
5920 4833 17311
5921 8623 10218
5922 8192 9703
5923 7050 8562
5924 9742 8731
5925 9599 8725
5926 10034 9353
5927 9706 9398
5928 10022 9513
5929 8580 8798
5930 8497 8734
5931 8369 8696
5932 8467 8772
5933 8218 8900
5934 8300 8964
5935 9403 7376
5936 9445 7320
5937 9496 7141
5938 9279 7956
5939 9388 8045
5940 9196 8077
5941 9300 8163
5942 9126 8151
5943 9240 8243
5944 8928 8495
5945 9006 8558
5946 9619 8021
5947 9828 4971
5948 9748 7199
5949 8793 7949
5950 8669 7869
5951 8665 8105
5952 8550 8025
5953 8313 7971
5954 8486 8108
5955 8535 8262
5956 8425 8188
5957 8147 8284
5958 8276 8383
5959 7984 8338
5960 8189 8497
5961 8270 8755
5962 8094 8621
5963 8051 9027
5964 7883 8899
5965 9826 6925
5966 9654 7522
5967 9622 7570
5968 8080 8640
5969 7717 8359
5970 7719 8308
5971 7621 8257
5972 7532 8186
5973 7449 8097
5974 8233 9277
5975 8105 9354
5976 8041 9418
5977 7971 9482
5978 8393 8231
5979 7998 7924
5980 9454 8849
5981 9370 8862
5982 9262 8862
5983 9128 8855
5984 8961 8839
5985 8171 7758
5986 8154 7728
5987 8102 7679
5988 7934 7541
5989 8232 7238
5990 9481 7921
5991 9249 7722
5992 7817 8172
5993 7560 7965
5994 9967 9850
5995 9794 9891
5996 9268 7595
5997 9018 7412
5998 8422 7045
5999 8406 7003
6000 8472 6953
6001 8563 6879
6002 8613 6813
6003 8843 6973
6004 8320 7666
6005 8279 7708
6006 8237 7743
6007 8154 7766
6008 8088 7799
6009 7718 8338
6010 7682 8321
6011 7499 8553
6012 9533 7065
6013 9402 7024
6014 10214 7119
6015 9008 6787
6016 9436 6919
6017 9315 7298
6018 9924 6974
6019 9808 5552
6020 8224 7745
6021 8299 7790
6022 8286 7781
6023 8637 7911
6024 8339 8301
6025 9690 7634
6026 8894 8710
6027 8951 8848
6028 9272 7693
6029 8642 8525
6030 8650 8531
6031 8443 8804
6032 8368 8878
6033 8277 8994
6034 8144 9160
6035 8318 9391
6036 8424 7060
6037 8440 7118
6038 8523 7168
6039 8639 7242
6040 9854 4880
6041 9876 10594
6042 9778 9752
6043 9746 9581
6044 9681 9281
6045 9638 9152
6046 9627 9056
6047 9627 8981
6048 9627 8917
6049 9649 8874
6050 9606 8820
6051 9911 8433
6052 7311 8252
6053 7559 8476
6054 8222 7250
6055 8496 7431
6056 10014 5662
6057 9940 6003
6058 10086 4660
6059 10081 4763
6060 10079 4811
6061 10054 4973
6062 9952 4979
6063 9920 5213
6064 10011 5218
6065 10006 5378
6066 9899 5335
6067 9755 5240
6068 9681 5224
6069 9622 5453
6070 9470 8419
6071 9555 8564
6072 9587 8691
6073 9609 8725
6074 9580 6645
6075 9522 6773
6076 8734 7117
6077 8592 7010
6078 8027 7885
6079 7784 7704
6080 9584 7304
6081 9622 7164
6082 9642 7065
6083 8369 7600
6084 8096 7408
6085 7923 8028
6086 7679 7831
6087 7546 8492
6088 7618 8545
6089 9214 6850
6090 9246 6681
6091 9076 6606
6092 10078 7970
6093 9992 7896
6094 9182 7182
6095 8562 6777
6096 8941 7040
6097 9999 7938
6098 9701 8237
6099 9307 8546
6100 8486 9239
6101 8422 9345
6102 8305 9441
6103 8102 9613
6104 7669 9180
